Data/Land Cover 1km/FME_656D6600_1589209169783_10689/temp/lcm2007_aggregate_classes_1km_gb_1.asc
ncols 700
nrows 1300
xllcorner 0
yllcorner 0
cellsize 1000
[rows 891 to 971 of 1300, columns 288 to 383 of 700]
0 0 0 0 0 0 0 0 0 0 0 0 0 0 0 0 0 0 0 0 0 0 0 0 0 0 0 0 0 0 0 0 0 0 0 0 0 0 0 21 5 5 0 2 1 0 0 3 0 0 0 0 0 1 1 5 15 1 20 28 6 7 22 18 13 6 3 25 3 19 24 13 19 0 8 3 7 2 8 6 1 7 2 0 9 33 1 8 1 1 0 1 2 2 5 6
0 0 0 0 0 0 0 0 0 0 0 0 0 0 0 0 0 0 0 0 0 0 0 0 0 0 0 0 0 0 0 0 0 0 0 0 0 0 0 6 3 0 0 1 0 20 7 0 1 0 0 3 1 0 9 0 2 4 0 15 8 4 15 7 17 27 38 20 11 11 34 51 8 14 5 1 5 0 0 0 0 1 0 0 1 46 38 0 1 0 1 1 35 1 2 3
0 0 0 0 0 0 0 0 0 0 0 0 0 0 0 0 0 0 0 0 0 0 0 0 0 0 0 0 0 0 0 0 0 0 0 0 0 0 0 12 7 1 0 0 0 5 7 1 0 0 1 0 6 0 0 0 0 1 2 1 10 9 16 12 3 11 11 6 5 0 11 7 4 9 20 3 0 0 3 5 11 0 0 1 4 7 42 14 26 28 14 16 8 0 0 3
0 0 0 0 0 0 0 0 0 0 0 0 0 0 0 0 0 0 0 0 0 0 0 0 0 0 0 0 0 0 0 0 0 0 0 0 0 0 0 4 8 5 0 0 0 0 13 2 2 1 0 1 1 3 2 1 2 0 3 3 1 0 5 4 4 0 0 0 0 0 1 5 2 9 14 1 0 0 6 25 20 0 6 3 0 1 10 12 29 6 7 0 0 0 1 11
0 0 0 0 0 0 0 0 0 0 0 0 0 0 0 0 0 0 0 0 0 0 0 0 0 0 0 0 0 0 0 0 0 0 0 0 0 0 0 0 0 3 0 0 0 0 17 0 0 0 1 0 0 1 3 5 6 9 8 5 5 6 3 1 3 2 3 0 0 6 12 9 37 5 0 0 3 1 1 22 15 0 6 2 4 6 10 3 18 55 34 33 31 0 22 21
0 0 0 0 0 0 0 0 0 0 0 0 0 0 0 0 0 0 0 0 0 0 0 0 0 0 0 0 0 0 0 0 0 0 0 0 0 0 0 0 0 0 0 4 12 1 0 1 2 0 0 1 0 0 2 2 22 7 2 7 4 1 0 8 1 9 27 10 2 1 21 18 30 18 1 2 2 1 1 0 3 7 13 6 0 0 7 14 39 28 26 48 35 6 14 22
0 0 0 0 0 0 0 0 0 0 0 0 0 0 0 0 0 0 0 0 0 0 0 0 0 0 0 0 0 0 0 0 0 0 0 0 0 0 0 0 0 1 1 12 42 7 1 8 3 0 0 0 2 1 0 8 2 4 18 8 0 0 0 2 15 8 15 9 2 4 34 19 3 7 13 7 2 2 2 1 8 3 4 2 8 1 3 30 0 1 12 16 41 2 4 4
0 0 0 0 0 0 0 0 0 0 0 0 0 0 0 0 0 0 0 0 0 0 0 0 0 0 0 0 0 0 0 0 0 0 0 0 0 0 0 0 0 0 1 4 27 1 0 5 4 1 2 0 0 1 1 4 2 10 11 0 2 9 1 3 7 8 4 1 0 6 17 2 2 4 6 4 3 2 15 25 11 9 3 0 9 8 13 27 0 1 2 11 6 19 23 1
0 0 0 0 0 0 0 0 0 0 0 0 0 0 0 0 0 0 0 0 0 0 0 0 0 0 0 0 0 0 0 0 0 0 0 0 0 0 0 0 0 0 1 0 3 0 0 0 0 4 0 0 0 0 0 12 1 5 13 1 2 5 0 0 4 0 3 1 1 0 6 2 6 8 8 0 0 0 1 15 15 3 0 1 3 27 32 14 4 1 2 4 7 2 1 0
0 0 0 0 0 0 0 0 0 0 0 0 0 0 0 0 0 0 0 0 0 0 0 0 0 0 0 0 0 0 0 0 0 0 0 0 0 0 0 0 0 0 0 0 0 7 0 0 1 1 0 1 0 0 0 1 2 7 9 5 4 0 3 15 4 3 2 0 4 5 0 4 2 4 8 3 14 0 0 1 0 4 4 0 5 34 8 4 7 1 0 1 5 1 2 0
0 0 0 0 0 0 0 0 0 0 0 0 0 0 0 0 0 0 0 0 0 0 0 0 0 0 0 0 0 0 0 0 0 0 0 0 0 0 0 0 0 0 0 1 0 3 0 0 0 0 0 1 0 0 0 10 3 31 10 11 16 3 17 12 6 19 1 2 14 5 8 7 0 2 1 7 15 1 7 0 0 11 19 9 44 21 22 6 0 0 0 0 0 2 0 0
0 0 0 0 0 0 0 0 0 0 0 0 0 0 0 0 0 0 0 0 0 0 0 0 0 0 0 0 0 0 0 0 0 0 0 0 0 0 0 0 0 0 0 0 1 0 0 0 0 0 0 1 17 2 1 9 0 3 13 0 0 3 7 7 12 27 1 0 0 2 12 19 1 0 0 0 0 6 0 4 45 34 11 9 25 2 6 5 1 0 0 1 1 0 0 0
0 0 0 0 0 0 0 0 0 0 0 0 0 0 0 0 0 0 0 0 0 0 0 0 0 0 0 0 0 0 0 0 0 0 0 0 0 0 0 0 0 0 0 0 0 0 0 0 0 4 8 4 1 4 2 4 7 4 9 0 0 0 1 8 15 5 0 5 5 4 7 24 5 0 1 1 1 1 4 2 14 5 11 8 2 1 14 10 1 0 1 0 0 0 0 0
0 0 0 0 0 0 0 0 0 0 0 0 0 0 0 0 0 0 0 0 0 0 0 0 0 0 0 0 0 0 0 0 0 0 0 0 0 0 0 0 0 0 0 0 0 0 0 3 0 0 0 0 13 18 9 7 33 27 25 1 4 3 0 0 0 1 6 3 0 1 0 8 5 2 0 1 8 0 0 1 0 0 1 1 2 5 9 3 0 0 0 0 0 0 0 5
0 0 0 0 0 0 0 0 0 0 0 0 0 0 0 0 0 0 0 0 0 0 0 0 0 0 0 0 0 0 0 0 0 0 0 0 0 0 0 0 0 0 0 0 0 0 0 0 0 0 0 0 26 29 21 16 42 32 19 18 5 4 2 0 1 1 5 0 3 12 1 3 0 0 1 0 4 2 0 1 3 8 0 0 2 2 1 0 2 4 3 0 0 0 0 3
0 0 0 0 0 0 0 0 0 0 0 0 0 0 0 0 0 0 0 0 0 0 0 0 0 0 0 0 0 0 0 0 0 0 0 0 0 0 0 0 0 0 0 1 0 0 0 0 0 0 0 5 4 5 1 19 31 32 23 4 0 1 2 10 0 2 19 3 0 0 1 1 0 1 4 0 2 3 6 7 12 12 15 3 7 13 1 1 19 6 9 10 35 8 2 3
0 0 0 0 0 0 0 0 0 0 0 0 0 0 0 0 0 0 0 0 0 0 0 0 0 0 0 0 0 0 0 0 0 0 0 0 0 0 0 0 0 0 0 0 0 0 0 1 0 0 1 0 3 2 0 1 2 11 2 0 1 3 2 2 0 0 3 8 1 1 0 1 1 3 18 22 4 4 24 9 1 8 12 5 12 0 8 10 11 0 0 4 10 11 3 1
0 0 0 0 0 0 0 0 0 0 0 0 0 0 0 0 0 0 0 0 0 0 0 0 0 0 0 0 0 0 0 0 0 0 0 0 0 0 4 0 1 0 0 1 0 0 0 0 0 1 0 0 0 0 0 0 0 4 1 0 0 0 2 1 0 0 5 1 0 0 4 1 0 18 1 6 16 15 54 2 3 2 7 5 31 6 4 18 11 0 1 0 2 9 18 6
0 0 0 0 0 0 0 0 0 0 0 0 0 0 0 0 0 0 0 0 0 0 0 0 0 0 0 0 0 0 0 0 0 0 0 0 0 0 0 0 15 0 0 0 0 0 0 0 0 0 0 0 1 3 1 0 0 6 12 6 2 1 4 1 0 6 12 2 0 4 13 6 0 0 4 1 2 7 4 23 26 3 7 1 4 8 9 10 5 3 2 2 6 4 17 5
0 0 0 0 0 0 0 0 0 0 0 0 0 0 0 0 0 0 0 0 0 0 0 0 0 0 0 0 0 0 0 0 0 0 8 10 0 0 5 12 23 11 3 0 0 0 0 0 0 0 0 0 0 0 0 0 3 0 15 2 5 1 0 0 0 9 3 4 3 0 9 14 0 0 8 3 1 2 3 7 11 2 1 1 1 0 1 3 0 2 0 2 2 13 12 6
0 0 0 0 0 0 0 0 0 0 0 0 0 0 0 0 0 0 0 0 0 0 0 0 0 0 0 0 0 0 0 0 0 0 0 0 2 0 7 1 5 0 0 0 0 0 0 0 1 5 3 0 0 13 0 0 0 0 2 3 2 0 0 0 0 0 0 0 0 2 6 7 1 1 4 13 16 8 3 7 2 5 4 1 1 3 6 1 0 0 0 0 1 6 5 3
0 0 0 0 0 0 0 0 0 0 0 0 0 0 0 0 0 0 0 0 0 0 0 0 0 0 0 0 0 0 0 0 0 0 0 5 9 0 4 1 0 0 1 0 0 0 0 0 0 11 7 1 3 3 1 5 0 0 5 0 0 0 0 0 0 0 0 0 3 2 1 0 0 3 1 1 5 19 12 3 5 4 12 0 4 26 15 10 0 3 0 0 2 1 1 6
0 0 0 0 0 0 0 0 0 0 0 0 0 0 0 0 0 0 0 0 0 0 0 0 0 0 0 0 0 0 0 0 0 0 15 4 4 3 18 17 0 0 0 0 0 2 0 0 12 7 1 0 1 6 12 6 3 8 7 0 0 0 0 0 1 0 3 0 1 0 5 10 5 0 1 0 0 9 3 7 7 0 5 4 5 13 24 2 0 0 0 1 7 7 0 10
0 0 0 0 0 0 0 0 0 0 0 0 0 0 0 0 0 0 0 0 0 0 0 0 0 0 0 0 0 0 0 0 0 1 38 11 52 8 12 12 0 3 2 5 1 0 3 0 0 1 3 0 0 12 0 4 16 2 1 2 11 1 0 0 0 4 0 0 4 22 14 5 7 0 6 13 3 6 2 22 15 7 1 1 2 5 8 7 16 8 11 3 3 0 2 0
0 0 0 0 0 0 0 0 0 0 0 0 0 0 0 0 0 0 0 0 0 0 3 6 3 0 0 0 0 0 0 0 0 0 1 2 35 2 2 0 12 9 0 19 0 0 4 2 0 0 0 5 6 2 0 0 0 5 0 1 1 1 1 1 0 3 2 9 10 3 3 13 13 2 9 3 0 0 7 5 14 2 6 1 11 6 16 10 4 1 6 17 7 0 2 1
0 0 0 0 0 0 0 0 0 0 0 0 0 0 0 0 0 0 0 1 10 2 15 8 0 0 0 0 0 0 0 0 0 0 0 1 2 4 2 1 4 6 9 10 0 2 11 0 0 0 0 0 0 0 0 0 0 19 4 6 0 0 0 0 4 12 27 18 15 1 7 13 16 2 7 0 0 2 3 7 0 2 6 4 4 10 12 23 15 5 8 6 21 6 19 15
0 0 0 0 0 0 0 0 0 0 0 0 0 0 0 0 0 0 0 4 14 5 7 8 7 4 0 0 0 0 0 0 0 0 0 0 0 11 14 3 2 1 1 2 3 10 22 1 3 0 0 0 0 7 11 0 0 6 3 3 0 0 1 1 0 6 21 21 6 8 4 2 4 1 0 9 4 0 0 0 0 7 2 12 6 9 16 14 8 3 1 4 6 19 0 21
0 0 0 0 0 0 0 0 0 0 0 0 0 0 0 0 0 0 11 2 18 5 0 14 18 32 23 3 0 0 0 0 0 0 0 0 0 2 9 5 1 20 6 3 14 25 8 5 28 0 0 0 0 0 0 0 0 0 4 2 0 0 5 0 0 5 16 13 2 2 5 6 4 2 0 1 5 5 5 9 22 9 2 19 15 25 27 9 28 27 3 2 0 5 25 18
0 0 0 0 0 0 0 0 0 0 0 1 0 0 2 13 0 3 9 4 14 7 0 5 11 18 22 16 8 0 0 0 0 0 0 0 0 0 2 7 4 1 3 5 6 21 2 1 1 3 0 0 0 0 0 0 0 0 0 0 0 0 0 4 3 12 5 14 10 1 1 2 3 4 3 0 0 0 5 34 27 6 1 8 24 18 18 14 33 6 2 3 0 5 19 4
0 0 0 0 0 0 0 0 0 0 0 0 0 1 4 7 8 7 7 7 1 0 0 0 10 15 11 33 19 4 0 0 0 0 0 0 0 0 0 1 2 1 4 1 0 4 14 3 5 7 7 0 0 0 0 0 0 0 0 0 0 0 0 1 14 12 6 8 3 7 1 0 0 3 0 0 11 1 2 28 7 8 8 0 2 3 5 33 5 2 0 10 4 1 12 2
7 10 4 1 0 1 0 0 0 3 0 0 0 0 1 12 13 0 8 0 0 2 0 8 12 17 2 30 8 4 9 0 0 0 0 0 0 0 0 0 0 0 8 1 3 3 3 4 7 7 11 1 0 0 0 0 0 0 0 0 0 0 0 0 1 10 23 23 6 30 8 5 2 0 2 1 2 6 9 4 7 2 5 6 8 3 6 11 5 26 1 0 1 3 1 3
6 1 25 17 22 22 0 0 0 0 6 0 0 1 4 2 0 1 11 1 0 3 12 44 5 2 14 3 1 3 5 8 0 0 0 0 0 0 0 0 2 2 3 2 4 0 3 4 2 11 12 1 0 0 3 0 0 0 1 0 0 0 0 8 0 5 3 15 9 6 10 7 4 0 4 4 2 9 4 5 8 2 0 20 10 9 4 7 2 17 2 0 1 2 0 0
5 0 14 7 7 29 11 22 15 10 13 1 1 5 0 0 3 23 26 53 22 13 4 10 28 27 5 3 14 9 16 13 4 0 0 0 0 0 0 0 1 0 0 8 2 6 5 3 0 0 0 2 0 0 0 0 1 4 8 2 4 0 1 21 2 4 13 13 24 7 12 7 1 0 0 0 18 29 10 0 7 2 13 7 23 4 11 20 40 11 2 4 1 9 17 0
4 1 1 0 1 0 40 15 9 30 50 8 0 3 0 6 0 4 12 22 6 0 1 6 0 2 11 2 0 1 6 22 11 2 2 0 0 0 0 0 0 1 7 9 11 7 10 1 0 0 0 0 1 0 0 0 0 2 1 1 3 21 16 22 2 1 7 0 0 0 6 1 2 10 11 2 13 35 18 3 12 15 35 5 2 0 8 10 18 1 10 16 5 1 9 6
15 6 1 3 1 1 10 2 41 20 32 20 11 3 0 2 2 4 1 4 8 6 14 1 0 8 7 0 5 0 0 7 3 6 2 0 1 0 0 0 0 1 4 13 10 6 5 0 1 1 0 12 4 1 4 1 2 7 1 0 1 4 8 18 2 0 1 0 4 6 1 5 0 1 8 3 2 18 6 3 4 4 17 22 1 2 4 2 5 8 7 4 15 11 6 6
5 2 12 3 1 6 6 1 6 14 6 7 5 7 13 11 3 4 0 1 4 17 20 9 7 16 0 2 3 0 0 0 18 1 6 8 6 0 0 0 0 0 19 8 0 1 4 0 1 6 0 8 0 0 0 0 1 1 0 3 1 1 9 12 25 9 4 6 10 5 0 7 4 1 10 5 2 3 5 0 0 0 0 0 0 0 2 4 10 8 4 2 15 17 12 14
12 0 8 0 0 0 3 10 17 18 14 18 9 18 11 16 14 9 7 4 13 10 13 22 26 22 0 15 6 1 0 0 3 9 6 3 0 0 0 0 0 1 0 0 3 4 15 1 3 3 3 4 0 1 5 1 1 1 0 1 6 2 1 20 2 35 6 14 4 4 8 4 4 0 12 5 8 15 2 7 1 0 2 0 0 0 9 0 17 14 5 6 14 12 17 19
22 0 1 5 1 2 21 12 1 0 1 7 32 26 13 21 12 6 0 19 11 24 26 13 18 23 36 10 2 3 1 0 1 6 29 9 6 0 0 0 0 3 0 0 0 0 1 2 9 1 0 2 5 1 0 5 3 0 0 1 0 1 7 3 17 57 43 14 26 4 12 10 7 5 1 12 18 4 3 7 10 0 0 2 3 6 3 1 0 8 2 2 12 13 8 6
1 2 0 23 10 9 11 11 3 6 1 1 15 23 41 21 8 6 11 4 2 13 15 8 17 20 28 31 15 16 0 0 8 20 4 13 5 11 8 3 0 0 0 1 0 0 3 9 1 0 0 10 4 3 2 0 0 0 0 0 1 0 4 14 13 22 54 31 27 24 24 17 12 41 8 23 21 1 4 10 7 0 0 0 5 8 27 18 8 9 2 11 4 15 13 5
9 8 5 23 8 1 4 8 3 1 3 3 1 9 31 7 16 18 3 7 8 3 10 6 3 7 2 9 6 12 8 1 0 5 8 23 4 15 5 9 0 0 4 0 0 0 1 1 0 1 0 1 5 1 0 0 1 0 0 1 1 4 0 4 13 18 16 4 23 4 7 29 9 22 25 15 19 4 4 3 11 3 4 3 0 1 10 3 9 1 0 2 13 4 1 7
0 3 2 13 6 2 10 10 4 0 0 11 20 18 10 11 6 1 1 28 6 1 6 12 4 6 6 7 16 13 3 3 16 0 9 22 6 0 1 1 9 15 0 0 0 2 0 7 2 1 0 3 0 0 0 1 0 0 1 3 0 0 0 1 2 14 4 2 19 21 27 24 12 3 3 14 11 11 2 15 10 1 7 2 5 1 1 2 17 6 11 0 4 4 13 4
2 2 10 4 4 9 6 18 16 9 1 3 5 5 2 9 24 9 0 9 6 7 1 1 10 19 18 26 9 21 41 30 14 1 19 18 17 9 11 12 19 15 3 0 0 2 1 0 0 2 1 0 1 0 0 1 0 0 0 0 0 1 0 0 1 13 25 27 14 13 4 21 1 0 6 4 8 14 1 18 5 2 7 3 0 4 6 5 4 15 17 16 15 12 9 1
6 0 10 1 4 8 14 16 14 4 0 2 4 12 1 2 3 4 0 1 5 12 7 6 10 14 8 7 17 1 12 41 18 17 24 38 12 2 12 3 4 5 5 2 1 1 0 0 0 4 0 2 0 0 0 0 0 1 0 1 0 0 1 0 0 12 8 10 2 4 14 3 11 4 0 0 0 6 0 3 1 6 0 4 4 0 0 1 1 1 2 21 13 6 6 4
5 7 4 0 6 5 9 2 12 31 0 0 6 6 4 15 16 3 7 0 4 8 7 4 3 29 15 3 1 2 23 31 9 19 11 13 7 3 5 6 4 3 2 23 6 0 0 0 3 0 0 1 6 0 1 4 0 0 0 2 1 0 4 2 13 6 1 1 4 7 44 21 3 1 0 0 0 2 8 2 2 5 0 1 2 5 5 1 2 12 1 12 13 26 8 17
3 0 4 0 2 15 12 8 10 1 2 4 6 2 20 11 15 9 1 0 17 3 0 5 2 4 29 15 11 5 16 18 7 15 6 0 5 3 0 3 1 1 7 63 21 6 0 0 0 0 0 0 21 4 2 1 2 1 1 0 0 0 4 0 1 5 5 3 4 3 4 18 4 2 0 1 0 4 6 19 5 5 0 1 0 4 1 0 4 2 8 37 21 20 14 7
7 1 2 6 1 6 9 6 19 2 1 3 8 15 7 2 13 7 0 5 19 1 2 4 0 1 9 23 25 11 8 38 13 16 3 1 1 7 1 1 0 0 14 65 11 0 0 7 1 0 0 1 23 3 0 0 0 1 3 2 0 0 3 0 0 0 5 1 2 1 2 6 4 4 1 27 18 0 10 8 0 0 0 0 4 0 2 4 1 7 3 6 0 0 2 4
3 3 0 2 2 16 5 3 0 3 8 12 13 5 8 4 3 1 0 30 6 3 7 0 0 0 3 10 19 39 12 27 40 6 5 8 5 1 4 3 2 3 4 11 7 0 0 0 12 4 0 0 13 3 0 0 1 4 1 0 0 1 0 1 8 3 5 0 1 0 0 4 0 6 1 18 24 10 8 8 0 3 2 2 2 5 1 1 0 3 6 1 2 0 1 1
8 2 0 1 1 4 9 2 0 1 3 10 12 4 1 4 8 27 32 31 12 3 1 2 15 4 8 16 30 56 5 23 35 9 4 7 13 26 21 7 9 7 0 0 4 1 0 1 1 11 17 9 9 15 4 1 3 4 1 0 0 0 0 0 4 0 0 0 1 1 0 19 5 0 13 5 0 0 9 11 2 3 3 0 10 7 0 0 7 5 3 3 16 0 2 3
1 0 0 0 0 0 1 0 0 0 0 6 12 2 2 8 25 8 21 15 22 5 18 0 6 9 7 13 30 2 2 29 44 18 0 1 9 6 0 18 21 2 0 2 4 0 3 0 0 0 4 15 21 21 25 10 13 1 0 0 0 0 2 1 0 0 6 2 9 1 1 1 0 3 1 0 4 3 3 1 1 2 1 0 0 9 3 5 7 0 0 4 2 1 1 11
0 0 0 0 0 0 3 0 0 0 4 2 2 3 3 2 4 4 8 0 1 25 22 3 0 0 4 6 14 6 10 52 15 44 4 0 6 14 37 10 7 1 0 0 1 1 0 0 0 3 4 15 28 21 21 3 4 0 1 0 0 0 0 0 1 16 1 2 9 11 9 8 8 4 1 1 2 0 4 0 1 1 0 0 0 2 14 9 4 11 0 2 0 3 6 13
0 25 0 0 0 0 14 2 0 0 3 0 1 5 3 0 12 10 4 3 18 18 8 1 1 4 1 13 9 10 8 12 4 16 4 5 2 0 26 11 0 1 1 2 4 1 0 0 0 6 10 3 2 9 4 1 2 1 0 0 0 3 0 0 15 15 3 1 3 1 4 3 1 2 2 0 5 3 9 0 3 1 0 0 2 4 0 3 0 4 0 1 7 9 1 2
0 7 0 0 0 0 0 0 9 0 2 0 4 0 1 4 10 21 13 23 34 7 7 21 3 0 1 18 27 6 12 11 5 11 8 14 0 1 14 22 2 17 29 13 0 3 1 2 0 0 0 0 2 24 12 1 0 2 0 5 0 6 0 0 45 48 4 2 3 1 0 5 0 3 0 0 0 1 0 6 0 0 0 0 0 2 2 5 1 1 14 8 8 25 13 0
0 0 0 0 0 1 0 0 0 0 1 0 0 0 3 12 4 8 3 11 30 3 23 68 19 0 1 14 4 4 0 3 2 3 7 10 0 12 5 6 20 17 6 12 0 0 2 7 1 0 0 0 13 12 0 1 1 3 7 0 2 12 7 8 7 19 7 5 1 1 4 9 1 6 3 1 0 2 2 0 0 0 0 0 2 0 1 0 0 0 1 7 10 16 10 3
0 0 0 0 0 0 0 0 0 0 0 0 10 0 3 0 0 4 30 19 23 6 21 17 40 10 17 16 2 4 4 22 12 4 5 7 9 15 2 6 31 16 30 12 12 8 18 14 8 3 0 0 0 0 3 4 1 0 3 0 2 12 17 7 46 7 3 3 0 1 0 0 9 3 5 3 1 4 0 9 4 4 0 0 0 0 1 0 24 6 0 0 5 0 17 3
0 0 0 0 0 0 2 0 0 0 3 3 6 0 0 0 0 0 16 23 9 3 8 17 48 6 22 6 6 26 9 15 22 1 0 1 30 20 59 38 30 8 16 1 41 34 6 0 17 5 0 0 3 1 2 0 0 7 6 0 4 2 24 14 10 8 3 0 4 4 9 0 5 6 1 2 7 1 1 2 5 0 0 0 28 36 14 1 6 4 1 2 0 9 5 8
0 0 0 0 0 0 0 0 0 0 0 0 0 0 0 1 0 0 10 9 5 6 2 15 22 8 4 5 11 9 8 17 16 14 0 4 12 20 14 1 7 1 8 2 1 17 9 3 3 1 0 0 0 3 1 1 6 6 9 3 16 18 38 4 0 0 1 0 11 4 0 0 0 0 0 4 0 8 4 0 0 0 1 4 13 13 18 2 1 6 3 0 1 1 5 26
0 0 0 0 0 0 2 0 3 0 0 0 0 0 0 1 2 7 20 1 2 9 16 28 20 8 4 3 5 6 17 7 9 15 25 17 6 8 4 2 2 6 3 13 1 1 1 2 0 4 0 0 0 4 4 3 0 3 4 3 8 34 15 0 0 4 11 1 0 1 0 0 2 3 5 9 5 0 2 14 6 0 0 0 3 1 4 8 1 1 1 1 4 16 8 28
1 0 4 0 4 0 0 0 0 2 2 2 1 0 0 0 2 0 1 4 7 13 20 24 24 11 15 29 7 1 5 2 1 6 12 6 4 22 35 10 2 5 9 5 0 0 0 2 1 1 0 0 0 0 0 0 4 0 2 5 3 0 2 3 3 28 19 5 1 0 0 0 3 3 4 7 3 0 3 3 0 0 1 0 11 3 0 10 5 1 0 0 0 5 3 9
3 0 1 0 5 0 0 0 0 0 7 0 0 0 0 0 2 3 5 3 3 10 7 7 6 2 4 2 7 10 0 4 1 5 1 0 0 1 4 14 14 10 9 1 0 1 0 1 7 2 3 0 0 0 0 3 1 0 0 10 9 0 1 5 3 3 42 0 0 0 1 0 0 1 1 1 0 2 3 4 0 10 2 7 0 1 5 0 3 10 1 1 3 7 0 6
7 0 0 3 1 0 0 0 1 0 3 3 3 0 1 3 11 27 22 2 1 1 6 3 6 2 3 0 1 1 3 2 3 4 1 0 3 1 36 2 9 26 9 1 5 0 5 1 7 1 4 0 0 0 0 0 2 1 2 4 5 2 2 0 0 23 28 3 0 0 4 2 0 0 1 1 0 0 3 1 6 2 10 1 5 0 4 10 7 0 1 0 14 18 9 0
0 0 0 0 0 0 1 1 1 0 0 0 9 7 0 7 15 0 13 3 0 4 2 6 1 1 1 0 2 2 4 0 0 3 9 15 1 7 21 7 5 1 3 4 15 14 13 6 3 4 5 2 0 3 0 0 0 2 3 2 0 1 1 0 2 3 0 6 0 0 13 0 4 6 8 10 0 0 0 2 1 6 10 4 6 2 6 3 0 20 8 23 8 19 24 0
0 0 0 0 1 0 0 1 0 0 0 0 9 19 0 13 2 0 1 1 4 3 0 1 1 0 0 2 1 0 0 7 8 5 0 4 0 0 6 1 22 9 1 0 12 14 5 0 2 1 1 8 8 0 0 1 0 1 0 0 1 0 1 0 0 1 1 0 2 1 0 1 0 1 12 0 0 0 1 6 4 8 38 8 0 0 11 6 6 4 14 14 3 0 1 0
0 2 0 0 1 0 0 1 0 0 0 0 0 8 3 9 1 1 0 0 0 0 3 0 1 1 0 0 0 2 0 4 9 23 2 0 0 0 5 13 2 1 0 2 1 5 0 0 1 3 2 1 3 0 1 16 0 0 1 1 0 2 6 2 0 0 1 1 5 1 0 1 0 3 2 0 1 0 4 8 6 6 20 5 8 1 4 0 11 33 34 12 39 6 6 0
0 1 0 0 0 0 0 1 0 1 1 0 2 10 7 8 8 3 1 0 2 0 3 1 0 0 0 0 2 1 1 2 6 5 0 0 0 0 7 5 1 5 2 0 0 3 4 1 2 5 0 0 0 0 0 2 1 0 0 0 4 10 2 1 0 0 3 4 5 9 5 6 12 4 2 0 0 1 4 0 2 2 0 3 0 39 10 9 4 3 14 21 0 9 22 2
0 0 1 0 0 0 0 8 5 1 1 8 19 14 23 6 10 29 11 6 2 9 13 7 0 1 1 0 0 2 4 5 11 5 0 0 0 1 0 0 3 12 5 2 0 2 17 2 1 2 0 3 0 3 0 0 8 9 16 18 11 3 0 3 3 5 1 5 1 16 35 34 9 1 0 0 0 2 2 1 2 10 2 3 4 9 10 7 4 2 0 9 7 7 32 6
0 0 0 0 0 1 0 0 1 0 3 5 4 4 2 3 6 6 5 13 16 9 10 4 6 1 4 6 7 7 7 10 13 2 3 0 1 14 13 8 2 4 11 1 2 4 19 4 20 17 13 7 0 1 1 3 0 0 18 4 1 1 3 2 0 1 2 2 7 4 28 32 10 4 0 4 2 0 7 1 0 1 1 7 0 5 0 1 7 0 1 9 1 10 14 3
0 0 0 0 0 0 0 0 0 0 3 6 6 6 2 9 1 8 8 0 3 1 3 4 24 3 6 4 6 5 11 17 15 2 10 2 11 19 12 14 23 32 15 14 5 12 11 14 12 8 0 3 0 3 2 0 0 0 0 0 0 8 9 2 1 0 4 1 5 1 1 1 1 1 0 0 5 1 1 0 0 0 1 11 1 1 3 0 5 2 22 10 6 1 4 8
0 0 1 0 0 0 0 0 0 10 9 14 2 5 5 3 0 4 11 0 0 0 0 0 0 0 12 4 1 7 14 3 11 4 12 5 19 7 16 10 14 22 31 0 9 13 17 9 11 12 0 4 1 16 4 0 1 1 3 0 0 6 17 1 6 4 1 1 1 2 2 8 2 0 4 0 4 11 1 6 0 6 2 2 3 0 1 0 1 3 5 24 9 19 2 3
9 6 0 0 0 0 0 0 0 9 6 2 2 4 1 1 2 14 6 3 0 0 0 0 0 4 0 0 0 9 3 4 8 4 2 2 2 12 18 21 5 32 36 14 30 10 11 14 9 3 8 0 4 11 10 2 1 0 2 0 0 1 2 4 0 2 1 0 1 2 3 5 2 0 1 0 12 10 2 7 2 3 0 2 0 0 3 2 11 31 18 5 0 4 12 4
4 2 1 0 2 13 3 2 0 10 4 1 0 0 0 3 1 4 3 0 1 0 0 0 0 0 0 0 0 0 0 1 1 0 3 0 5 15 6 5 3 3 2 10 19 6 7 17 4 0 7 6 5 8 0 2 2 5 3 7 1 5 0 7 1 5 2 2 25 0 0 0 0 1 21 14 11 17 0 3 1 0 0 2 3 3 17 11 31 55 26 15 4 0 14 40
1 1 10 6 3 2 0 0 2 4 7 1 1 0 4 3 6 12 2 0 0 1 0 0 0 0 0 0 3 1 1 2 12 4 6 11 13 18 8 7 6 1 3 19 1 0 3 7 1 7 6 18 13 8 1 1 9 10 5 2 1 6 9 0 1 1 1 5 6 0 0 0 8 2 24 46 7 4 0 0 4 1 2 0 3 1 26 11 6 24 14 18 5 4 4 15
0 0 1 5 10 6 7 7 8 1 7 9 18 9 2 6 5 0 1 0 0 0 0 0 0 0 2 2 1 1 1 14 8 8 15 17 2 11 20 35 14 17 27 13 0 0 0 0 0 0 4 0 9 15 3 0 1 14 9 2 12 2 1 3 7 2 0 3 0 3 0 1 3 24 10 10 2 0 1 3 7 2 9 2 2 17 32 9 6 4 8 2 0 1 11 34
0 0 0 3 11 1 4 1 8 14 6 10 6 2 0 1 0 0 0 0 0 0 0 0 0 0 3 0 4 7 9 28 8 13 1 10 4 7 7 4 5 10 4 5 0 1 0 0 0 2 1 2 0 0 3 0 0 0 0 0 0 2 7 0 0 0 5 4 16 11 0 1 3 9 1 0 7 1 0 6 7 9 21 25 17 2 13 4 3 28 4 2 0 1 5 3
0 0 2 8 0 4 1 1 18 15 25 3 0 1 2 10 0 0 0 0 0 0 0 0 1 1 0 0 0 0 0 10 1 2 2 3 1 12 2 1 0 1 5 0 0 0 1 1 0 0 0 1 1 1 1 0 0 0 0 6 8 3 1 0 0 1 2 2 4 21 3 1 0 0 0 0 3 2 0 1 5 15 7 8 14 42 10 12 7 14 8 7 2 2 3 0
3 0 2 4 14 8 15 1 1 6 8 2 0 0 7 5 0 0 0 0 0 0 0 4 3 1 7 4 3 0 8 9 0 0 0 9 6 11 6 0 0 0 1 1 0 0 0 0 2 4 0 0 6 21 1 6 6 1 1 33 1 0 0 0 0 1 0 0 0 7 2 2 0 2 0 0 3 2 0 2 8 7 2 0 2 16 19 6 16 13 8 4 3 1 0 1
1 3 5 13 1 3 21 6 0 0 3 0 0 2 4 0 0 0 0 0 0 0 0 0 0 1 2 10 8 1 0 0 1 0 0 4 5 3 3 0 0 0 2 10 0 0 0 2 2 5 0 0 3 5 9 11 1 1 0 0 0 1 0 0 0 0 0 1 0 0 0 2 2 0 0 2 0 11 5 13 10 2 3 3 30 33 55 15 9 8 3 1 1 0 0 3
4 4 4 13 0 0 0 4 4 1 0 0 0 4 6 0 0 0 0 2 0 0 0 2 0 0 0 1 2 0 2 1 1 0 1 1 6 0 4 3 1 1 1 5 8 10 2 4 0 0 0 0 1 8 0 0 1 0 0 0 0 0 0 0 0 0 0 1 3 1 0 0 0 3 1 0 1 5 11 11 8 4 11 12 8 16 9 11 2 2 1 1 1 0 4 9
11 1 4 12 2 1 0 3 0 0 0 0 0 1 1 0 0 0 0 0 0 0 0 0 0 0 0 0 0 0 0 0 4 4 0 2 10 1 9 20 2 0 3 6 1 8 27 2 2 0 0 0 0 0 0 2 1 1 0 0 0 0 0 1 0 0 0 1 0 2 3 1 0 0 0 7 0 0 2 0 0 12 4 24 9 6 6 14 13 2 1 2 0 0 2 0
1 1 0 0 0 0 5 0 0 0 0 0 0 0 0 0 0 0 0 0 0 0 0 0 0 1 0 0 0 0 1 2 2 0 0 3 3 12 1 6 5 1 4 1 0 17 5 1 3 0 0 0 0 8 0 11 5 10 2 5 0 0 0 0 1 1 0 9 1 1 0 0 0 0 0 1 1 11 0 0 0 11 6 3 14 2 12 13 1 3 6 14 3 0 1 0
2 1 3 8 1 0 4 0 0 0 0 0 0 0 0 0 0 0 0 3 0 0 0 1 1 0 0 0 2 2 0 0 0 2 2 9 1 30 2 2 0 0 0 0 0 2 0 4 5 1 4 2 0 0 0 0 0 1 0 0 0 0 0 0 2 0 23 0 5 38 14 4 2 0 0 2 0 4 0 0 0 4 3 1 0 0 2 0 0 2 10 14 4 2 14 2
0 1 0 0 0 0 0 0 0 0 0 0 0 0 1 1 0 0 0 0 3 8 0 0 6 0 0 2 0 7 2 1 0 0 5 1 1 36 5 0 0 0 0 0 0 0 1 4 12 0 1 0 0 1 0 0 0 0 0 2 0 0 0 0 0 1 7 4 1 17 2 26 16 6 8 1 1 1 0 0 0 2 6 2 0 0 1 0 0 3 1 0 2 1 3 2
