Data/Land Cover 1km/FME_656D6600_1589209169783_10689/temp/lcm2007_aggregate_classes_1km_gb_3.asc
ncols 700
nrows 1300
xllcorner 0
yllcorner 0
cellsize 1000
[rows 936 to 1013 of 1300, columns 480 to 575 of 700]
70 56 82 77 86 92 87 56 76 79 87 88 88 95 83 55 94 72 25 77 90 93 99 97 100 80 68 71 32 78 91 98 99 96 93 99 91 80 67 12 16 11 50 78 58 64 50 94 90 91 60 92 97 94 73 82 68 65 56 67 71 73 75 51 68 71 50 45 42 79 94 96 95 81 71 8 0 0 0 0 0 0 0 0 0 0 0 0 0 0 0 0 0 0 0 0
75 84 73 56 99 65 83 81 53 37 79 54 52 82 71 78 70 60 79 99 95 92 94 84 91 87 62 76 90 79 82 95 100 99 98 98 100 68 51 38 29 12 27 63 45 39 84 72 78 67 50 41 86 73 73 85 96 100 99 80 73 93 89 77 82 61 48 48 36 39 66 59 92 72 81 29 0 0 0 0 0 0 0 0 0 0 0 0 0 0 0 0 0 0 0 0
73 72 46 40 84 83 71 36 36 63 68 68 87 80 73 79 92 92 99 100 95 89 100 98 86 91 36 29 93 61 47 72 94 100 98 99 98 82 53 56 33 31 57 41 62 9 70 79 55 70 70 83 74 87 89 98 87 98 100 93 98 92 80 90 90 40 69 57 48 48 58 65 98 97 98 93 21 0 0 0 0 0 0 0 0 0 0 0 0 0 0 0 0 0 0 0
60 76 41 89 94 69 53 16 24 85 71 48 92 87 88 99 95 64 94 98 95 81 100 84 91 61 45 63 80 67 67 69 85 100 99 93 96 100 72 45 90 60 63 53 42 26 71 85 91 77 88 96 86 88 98 46 82 99 98 93 100 100 85 97 99 81 75 63 60 83 75 87 99 100 98 98 16 0 0 0 0 0 0 0 0 0 0 0 0 0 0 0 0 0 0 0
69 86 60 92 94 84 78 69 54 84 76 46 94 85 90 100 99 91 80 100 89 50 87 92 85 87 69 65 91 87 87 91 53 83 93 100 95 98 89 29 93 73 68 70 58 10 71 74 90 87 93 87 84 76 91 80 89 100 100 95 100 97 97 97 97 94 90 72 88 59 61 91 95 99 82 75 0 0 0 0 0 0 0 0 0 0 0 0 0 0 0 0 0 0 0 0
75 91 49 64 84 63 17 57 74 86 73 80 93 95 89 93 98 82 72 90 91 100 96 89 82 78 67 26 82 61 85 77 52 89 99 100 99 99 97 67 88 48 50 81 58 31 88 94 96 99 90 76 79 97 75 93 96 98 100 99 100 99 91 96 100 98 89 61 90 48 92 100 98 100 94 38 1 0 0 0 0 0 0 0 0 0 0 0 0 0 0 0 0 0 0 0
70 77 85 74 44 59 46 85 68 99 86 95 90 81 93 98 96 88 43 80 84 100 69 89 68 69 66 54 65 78 71 68 86 80 96 100 98 99 97 75 61 36 20 76 63 97 95 94 98 95 77 100 96 74 58 96 99 100 99 99 93 85 96 92 89 100 91 85 99 87 100 100 99 97 40 6 0 0 0 0 0 0 0 0 0 0 0 0 0 0 0 0 0 0 0 0
49 34 55 95 80 3 13 24 59 98 97 87 94 95 100 100 100 86 54 98 99 73 73 95 61 74 81 78 69 97 96 40 69 80 98 99 97 99 92 77 71 28 0 24 78 98 97 100 90 81 91 65 99 62 66 85 100 95 91 98 93 98 96 97 92 91 89 84 98 99 100 99 97 26 0 0 0 0 0 0 0 0 0 0 0 0 0 0 0 0 0 0 0 0 0 0
14 38 87 92 69 13 16 6 25 91 100 100 93 100 100 99 89 95 93 93 83 85 84 97 83 39 78 80 91 79 91 85 86 96 78 63 86 89 93 89 83 82 60 78 77 97 97 100 98 100 88 81 99 66 57 100 100 100 96 97 99 95 98 99 97 86 73 82 96 100 100 97 24 0 0 0 0 0 0 0 0 0 0 0 0 0 0 0 0 0 0 0 0 0 0 0
1 43 43 41 71 50 21 12 5 53 98 63 91 95 97 99 64 77 65 76 88 87 76 66 89 82 93 90 84 99 89 97 97 98 90 72 96 99 100 100 82 98 94 93 100 83 92 100 94 100 96 91 90 89 72 98 100 96 100 94 94 96 95 93 99 97 88 97 99 98 95 28 0 0 0 0 0 0 0 0 0 0 0 0 0 0 0 0 0 0 0 0 0 0 0 0
5 30 61 80 59 49 84 72 56 75 95 79 92 99 100 94 79 97 100 92 87 88 98 96 62 60 79 87 77 80 87 99 95 94 88 87 98 99 97 96 97 93 100 94 94 95 86 97 66 100 97 100 95 99 90 91 94 95 79 94 98 97 85 90 95 98 96 100 100 99 37 0 0 0 0 0 0 0 0 0 0 0 0 0 0 0 0 0 0 0 0 0 0 0 0 0
6 23 64 85 60 61 92 79 83 92 97 92 95 100 90 53 79 100 100 91 93 74 93 89 82 89 99 75 71 99 85 64 99 99 100 90 96 90 97 99 100 96 94 94 93 89 85 91 98 98 99 98 98 95 88 93 100 91 84 83 98 95 92 76 89 95 100 98 99 28 0 0 0 0 0 0 0 0 0 0 0 0 0 0 0 0 0 0 0 0 0 0 0 0 0 0
59 8 42 93 85 81 87 97 84 87 87 88 86 97 68 57 100 100 100 88 95 80 94 92 91 90 94 42 59 86 72 93 94 100 96 75 98 99 96 95 100 99 100 93 89 88 92 97 95 75 95 78 100 94 71 83 99 98 99 85 92 93 75 82 91 94 100 99 44 0 0 0 0 0 0 0 0 0 0 0 0 0 0 0 0 0 0 0 0 0 0 0 0 0 0 0
53 40 68 93 85 83 99 91 92 91 97 92 97 87 63 44 92 92 87 73 19 34 98 87 70 78 86 76 41 82 94 79 99 100 91 84 85 86 68 95 100 97 98 95 94 96 98 84 95 91 96 87 93 92 69 56 89 94 88 95 65 87 85 95 96 98 34 14 0 0 0 0 0 0 0 0 0 0 0 0 0 0 0 0 0 0 0 0 0 0 0 0 0 0 0 0
84 94 79 71 62 58 92 85 97 93 92 96 99 95 72 85 85 94 98 38 0 9 68 64 84 88 96 100 88 90 79 76 72 98 99 99 89 82 92 99 97 98 98 90 94 94 99 95 91 82 99 94 94 94 88 94 97 97 99 96 90 99 98 98 92 66 0 0 0 0 0 0 0 0 0 0 0 0 0 0 0 0 0 0 0 0 0 0 0 0 0 0 0 0 0 0
82 99 92 86 84 66 67 81 97 98 95 86 84 50 86 85 86 99 99 76 66 19 59 69 82 57 70 78 82 100 74 81 98 89 97 100 100 100 97 97 95 98 96 94 100 88 87 97 96 81 100 97 88 93 92 84 86 87 95 99 93 92 91 97 55 2 0 0 0 0 0 0 0 0 0 0 0 0 0 0 0 0 0 0 0 0 0 0 0 0 0 0 0 0 0 0
88 97 95 87 71 77 80 81 99 88 93 83 97 54 77 85 83 96 97 94 91 80 95 83 96 87 88 81 82 81 93 91 91 100 99 99 100 100 100 98 100 100 100 100 98 74 75 91 92 82 88 95 76 60 88 90 86 97 85 90 80 92 98 71 1 0 0 0 0 0 0 0 0 0 0 0 0 0 0 0 0 0 0 0 0 0 0 0 0 0 0 0 0 0 0 0
95 95 88 97 63 57 69 95 84 60 83 84 62 77 72 60 97 82 80 83 85 50 74 98 88 85 6 44 85 80 95 97 100 81 99 92 94 97 97 97 100 99 99 97 98 76 80 91 96 98 82 93 79 82 99 98 93 95 97 92 98 99 99 24 0 0 0 0 0 0 0 0 0 0 0 0 0 0 0 0 0 0 0 0 0 0 0 0 0 0 0 0 0 0 0 0
84 94 95 54 73 82 63 75 61 64 96 77 99 83 58 57 89 89 81 68 90 84 58 63 62 40 6 12 86 89 86 67 90 87 87 86 86 96 97 98 98 95 99 97 100 95 94 100 98 99 94 57 21 37 81 98 91 96 87 99 96 96 54 0 0 0 0 0 0 0 0 0 0 0 0 0 0 0 0 0 0 0 0 0 0 0 0 0 0 0 0 0 0 0 0 0
56 73 97 25 39 73 99 91 68 66 98 98 97 93 88 77 69 78 57 71 74 78 75 42 80 45 65 85 86 85 82 90 99 77 40 92 88 97 98 99 98 99 95 91 97 97 63 100 100 74 86 12 0 0 71 77 93 89 79 94 98 80 7 0 0 0 0 0 0 0 0 0 0 0 0 0 0 0 0 0 0 0 0 0 0 0 0 0 0 0 1 4 3 0 1 23
27 62 92 87 86 92 77 75 70 76 92 88 91 69 70 82 79 74 50 79 80 79 26 52 90 88 99 100 95 97 87 84 98 88 42 87 96 100 99 98 95 98 88 83 83 93 80 82 88 60 48 3 0 1 37 82 91 91 100 99 72 16 0 0 0 0 0 0 0 0 0 0 0 0 0 0 0 0 0 0 0 0 0 0 0 0 0 0 0 18 29 36 58 15 48 89
73 48 67 71 80 82 90 90 67 52 53 93 61 91 86 90 87 66 61 83 79 82 58 88 84 81 97 93 39 76 93 86 89 98 87 90 99 92 99 96 97 94 94 99 100 97 92 74 88 81 83 64 20 39 29 94 72 96 100 92 15 0 0 0 0 0 0 0 0 0 0 0 0 0 0 0 0 0 0 0 0 0 0 0 0 0 0 0 10 72 67 91 95 87 100 100
90 76 70 84 95 99 100 94 87 85 72 76 81 80 62 91 36 58 80 99 50 77 97 97 76 92 95 69 60 96 98 95 88 93 71 94 89 98 98 100 100 100 92 77 92 97 77 93 84 94 94 46 70 79 72 85 77 100 96 92 2 0 0 0 0 0 0 0 0 0 0 0 0 0 0 0 0 0 0 0 0 0 0 0 0 0 0 7 79 28 85 98 74 86 97 100
29 45 83 100 98 66 90 86 96 89 88 76 90 62 65 58 65 90 86 91 65 79 81 100 80 65 52 75 86 73 97 96 98 53 82 81 75 92 100 99 100 100 100 66 86 95 100 95 88 94 94 79 73 77 93 49 55 98 96 47 0 0 0 0 0 0 0 0 0 0 0 0 0 0 0 0 0 0 0 0 0 0 0 0 0 0 0 9 91 44 73 92 32 39 99 95
51 85 70 84 91 86 82 71 78 71 89 21 40 40 30 83 93 99 98 66 66 84 90 97 97 99 64 92 100 92 97 90 90 56 84 100 92 95 98 86 87 86 96 88 88 90 91 91 86 92 61 88 58 97 100 93 37 65 71 24 0 0 0 0 0 0 0 0 0 0 0 0 0 0 0 0 0 0 0 0 0 0 0 0 0 0 1 48 84 93 90 80 62 84 84 99
37 37 53 88 97 72 96 93 61 49 74 51 11 10 11 57 95 76 84 94 46 68 78 100 88 78 80 96 95 82 95 98 99 89 84 97 98 84 95 82 92 87 86 95 89 97 98 99 83 72 28 68 96 99 99 47 44 0 0 0 0 0 0 0 0 0 0 0 0 0 0 0 0 0 0 0 0 0 0 0 0 0 0 0 0 0 16 70 64 94 87 76 69 63 87 87
84 81 77 77 88 87 98 88 85 65 28 11 7 17 47 68 95 96 100 99 80 60 96 94 93 95 74 93 96 51 73 100 88 81 97 98 97 93 100 91 96 96 59 96 98 95 95 90 75 78 72 82 91 97 95 67 0 0 0 0 0 0 0 0 0 0 0 0 0 0 0 0 0 0 0 0 0 0 0 0 0 0 0 0 0 0 13 10 49 83 100 97 89 40 54 73
95 97 93 72 92 97 96 59 51 64 38 7 7 7 79 95 98 93 81 84 90 92 87 64 58 85 89 97 85 76 94 94 95 86 92 100 100 99 99 100 78 89 93 91 98 92 85 96 94 84 78 67 87 90 92 60 0 0 0 0 0 0 0 0 0 0 0 0 0 0 0 0 0 0 0 0 0 0 0 0 0 0 0 0 0 0 33 42 62 69 72 70 87 77 89 99
95 99 82 89 98 99 85 93 72 21 0 0 35 85 91 92 82 92 80 92 93 73 80 92 83 76 89 97 93 91 99 81 84 79 100 98 100 79 96 89 42 63 98 93 92 97 93 92 48 93 82 52 81 94 77 1 7 23 42 13 0 0 0 0 0 0 0 0 0 0 0 0 0 0 0 0 0 0 0 0 0 0 0 0 0 2 35 49 93 96 96 85 87 60 63 100
87 69 69 68 67 77 75 72 97 60 6 28 19 61 84 98 65 79 82 68 100 91 83 93 85 60 83 90 96 87 96 64 98 88 100 99 89 71 88 94 89 88 84 100 99 98 100 87 92 88 95 85 89 97 36 55 93 98 99 95 55 0 0 0 0 0 0 0 0 0 0 0 0 0 0 0 0 0 0 0 0 0 0 0 0 2 57 4 31 75 97 98 99 83 87 97
76 57 13 24 80 96 78 77 74 67 70 62 66 98 87 46 79 94 79 32 61 77 86 78 74 100 77 60 93 100 97 83 94 100 99 95 87 85 100 95 97 95 75 95 86 93 94 97 94 92 95 80 99 51 78 99 97 98 97 98 86 86 60 13 0 0 0 0 0 0 0 0 0 0 0 0 0 0 0 0 0 0 0 0 0 36 58 40 17 73 93 97 92 88 94 87
32 13 27 50 87 85 43 52 44 65 94 93 45 62 73 87 100 95 75 81 79 96 88 100 99 95 95 93 94 100 98 99 92 100 100 99 93 99 87 98 91 97 90 72 92 88 96 96 98 98 96 82 75 86 96 99 99 98 100 97 94 97 100 96 46 3 0 0 0 0 0 0 0 0 0 0 0 0 0 0 0 0 0 0 1 84 93 65 50 63 70 61 68 93 78 80
53 14 29 71 79 76 54 55 71 75 75 88 75 80 76 47 79 74 85 99 99 96 92 98 91 92 90 95 75 99 81 78 97 96 96 77 89 99 100 97 92 90 86 78 64 99 89 90 100 91 94 87 98 97 94 95 98 94 99 99 91 99 100 100 100 69 1 0 0 0 0 0 0 0 0 0 0 0 0 0 0 0 0 0 4 96 88 58 20 93 93 94 99 70 93 97
43 28 49 82 69 87 92 46 78 57 78 100 53 94 50 49 64 90 86 69 70 70 77 71 87 94 93 93 65 76 91 93 99 100 99 94 96 99 99 99 97 86 79 93 99 99 100 89 89 87 96 100 97 100 94 100 100 99 100 97 99 100 100 98 98 98 46 0 0 0 0 0 0 0 0 0 0 0 0 0 0 0 0 0 1 72 93 40 3 28 85 91 99 96 97 53
37 56 59 43 76 89 55 58 70 61 80 88 59 90 79 95 75 90 96 68 95 93 100 99 96 37 78 75 96 96 90 98 98 100 100 100 96 98 99 98 89 79 95 88 92 93 91 86 81 99 99 100 97 97 100 99 95 100 86 99 99 99 96 99 96 95 93 52 0 0 0 3 0 0 0 0 0 0 0 0 0 0 0 20 64 79 68 31 4 2 67 93 93 49 46 28
34 62 51 80 92 81 73 77 71 51 75 27 28 84 96 89 83 81 80 85 83 99 99 92 86 11 37 85 82 91 87 98 97 98 99 99 92 99 95 84 99 90 91 71 96 73 61 57 87 100 99 100 89 85 60 99 99 96 88 90 87 100 97 99 98 100 95 90 7 0 0 0 0 0 0 0 0 0 0 0 0 2 47 95 82 41 1 4 2 7 39 92 76 80 66 82
84 56 46 94 82 92 77 89 87 96 95 59 36 82 71 88 99 95 98 83 71 80 94 83 70 65 70 77 84 66 70 92 97 99 92 95 98 98 99 92 97 93 92 95 95 87 98 85 93 98 94 95 85 79 46 89 97 73 53 88 98 100 100 100 100 98 100 99 60 0 0 0 0 0 0 0 0 0 0 0 0 63 100 99 73 20 0 0 0 14 67 93 73 83 91 98
88 84 89 64 45 95 85 51 100 78 92 77 44 82 63 71 89 95 80 91 80 71 70 60 62 87 47 70 59 79 78 95 97 99 99 100 100 100 96 92 97 92 88 69 46 88 89 91 92 93 88 93 85 98 95 96 94 96 100 78 84 97 100 97 100 100 100 97 95 47 53 24 0 5 34 50 37 0 0 0 14 98 99 99 76 73 46 34 15 27 47 40 34 65 82 91
68 89 90 82 77 81 82 65 98 70 74 87 60 86 70 75 75 94 80 57 69 73 75 57 72 68 54 74 41 58 76 100 100 99 100 100 95 94 95 91 89 89 90 45 61 73 78 96 100 50 90 90 80 92 95 56 49 87 87 73 99 90 100 89 97 99 100 100 98 83 99 94 95 96 100 97 97 56 20 1 87 99 98 80 71 65 67 45 25 61 70 49 46 92 90 71
47 27 68 88 80 42 79 78 71 64 70 78 37 62 85 87 80 87 92 81 62 77 53 47 58 71 55 66 61 39 79 97 100 100 100 93 93 78 88 96 92 89 97 82 41 27 75 85 81 81 55 93 68 88 73 33 39 79 93 64 81 91 98 88 93 100 96 98 94 92 100 97 100 100 99 99 96 99 96 25 97 97 98 37 28 13 56 17 29 31 79 24 90 95 81 76
50 66 96 94 96 72 90 28 72 72 83 48 53 67 41 57 90 88 84 93 95 61 63 50 48 76 46 62 75 48 88 100 100 100 100 98 90 99 87 96 91 96 98 55 0 0 54 97 95 98 70 98 78 98 93 95 92 95 94 88 88 96 59 40 89 98 100 98 87 98 99 100 99 99 100 95 96 99 94 81 68 98 98 54 1 10 74 63 86 52 82 68 49 66 94 99
31 58 82 89 69 89 89 85 90 65 49 66 76 78 30 64 80 93 86 88 78 73 87 46 22 60 54 39 59 70 65 75 81 98 99 99 97 89 95 98 92 66 98 16 0 2 68 77 86 89 97 96 81 100 93 81 98 94 100 100 94 93 60 45 91 93 98 99 72 100 100 98 99 97 90 100 96 100 85 96 50 96 96 46 1 23 77 66 92 19 12 58 33 59 75 73
55 94 99 79 42 88 93 81 89 63 94 81 82 99 88 58 93 100 99 82 84 92 87 44 85 74 46 40 31 53 75 93 93 97 99 98 99 93 100 100 98 89 94 38 36 48 83 94 92 91 97 95 99 94 95 90 96 74 81 94 91 100 87 91 97 97 88 19 61 100 94 100 94 100 90 96 82 94 93 97 79 28 11 4 21 16 71 31 39 6 16 79 83 97 97 75
26 80 96 79 96 100 100 84 80 82 87 96 87 100 82 91 91 84 81 61 84 68 67 51 53 84 99 31 4 1 51 76 87 94 92 98 100 91 100 100 93 99 95 54 78 90 93 94 98 99 97 95 97 90 93 96 73 78 93 92 95 92 93 95 97 100 98 83 63 91 99 98 94 85 56 46 73 86 55 57 63 4 0 0 1 52 78 61 59 30 29 69 84 98 93 87
64 54 32 82 84 90 94 98 91 89 95 84 65 86 81 74 71 90 82 83 96 76 50 62 82 74 56 49 42 51 26 73 73 65 88 100 95 96 100 99 100 91 95 85 59 76 95 89 96 92 96 80 94 98 89 94 97 81 91 87 87 97 89 91 94 96 96 88 89 91 98 89 97 89 73 82 96 85 90 88 90 26 0 6 41 63 39 17 10 63 61 58 37 81 83 94
62 42 58 78 61 64 85 98 84 75 97 72 91 94 31 24 63 81 72 37 81 61 76 75 44 81 91 84 99 51 84 78 73 92 81 88 88 98 100 98 99 97 95 83 87 91 88 93 88 84 92 97 93 97 95 97 71 95 82 68 86 95 91 80 77 90 96 97 98 94 98 88 93 80 87 91 80 93 99 91 68 11 29 43 94 73 61 62 39 58 74 73 75 56 58 88
92 50 57 82 87 60 64 75 82 84 97 84 88 99 93 45 44 67 98 83 64 59 74 64 49 67 50 76 100 52 87 88 92 90 85 95 96 97 97 95 100 100 92 99 84 93 67 95 95 93 96 96 94 90 87 96 87 93 92 83 97 97 96 66 81 83 83 97 89 85 67 93 100 90 92 87 66 90 96 99 47 55 62 26 86 54 62 74 72 73 81 86 47 54 93 72
75 92 88 78 73 90 71 97 69 66 34 14 89 88 72 70 53 23 64 75 13 91 71 94 76 64 57 89 71 66 68 93 75 94 69 90 99 100 100 100 100 97 98 92 94 87 84 91 95 91 100 99 100 96 92 100 90 87 94 93 93 86 30 58 94 91 80 100 90 73 51 98 96 95 81 88 87 95 97 87 83 93 60 64 58 24 71 83 82 72 57 90 67 45 48 84
72 99 88 86 89 96 84 92 68 47 1 15 100 73 52 42 94 61 35 55 59 73 86 58 94 85 76 70 82 100 89 91 88 91 80 99 95 98 96 100 88 80 100 100 97 81 100 99 99 100 90 99 96 99 91 92 90 99 89 84 97 90 90 100 92 99 83 96 96 92 98 90 90 90 78 67 97 94 91 85 73 85 49 48 59 88 46 74 84 85 72 60 73 50 42 75
37 71 29 26 92 98 90 88 97 86 67 77 68 53 37 56 83 63 53 59 29 49 86 88 74 54 89 80 85 99 78 65 40 31 53 93 99 100 91 95 87 100 100 95 65 85 96 97 99 98 88 97 81 91 97 81 92 98 99 78 83 97 94 82 79 84 96 87 98 87 97 86 91 66 53 86 99 94 77 68 76 87 62 43 74 91 42 51 69 50 74 91 83 50 8 5
54 46 59 79 100 96 60 58 84 87 50 84 93 66 28 54 81 82 89 87 77 90 82 91 93 82 65 94 97 91 91 73 32 40 59 96 96 97 96 99 93 99 98 75 100 93 97 100 87 85 97 71 66 95 95 98 82 85 96 98 95 100 99 90 99 86 79 64 60 69 71 64 92 75 62 89 99 96 74 79 76 97 93 63 56 86 38 21 23 15 53 51 60 27 9 43
83 64 95 91 97 91 88 93 86 92 79 49 67 46 68 85 57 54 89 75 76 91 84 96 62 93 94 81 90 89 100 75 51 80 96 92 95 92 99 90 67 91 96 67 97 89 97 100 98 98 97 83 91 75 54 99 91 94 99 100 88 71 90 86 84 84 99 90 88 58 84 95 86 83 92 98 79 87 98 98 73 100 89 56 50 49 93 79 24 24 43 85 79 32 43 54
94 82 85 77 42 85 60 51 45 86 94 53 26 83 91 62 75 80 98 70 75 92 94 74 86 95 86 70 40 91 90 41 95 84 80 96 83 94 98 91 78 86 88 84 87 97 96 100 100 86 98 90 98 77 76 100 90 94 86 95 74 62 74 85 57 57 71 62 49 76 82 97 94 70 94 97 99 89 100 75 80 71 26 24 73 29 66 53 38 58 90 82 44 63 91 95
64 41 78 55 38 36 73 65 27 63 85 88 81 76 87 70 55 70 93 99 85 66 79 41 68 97 87 90 73 84 54 55 84 9 30 67 79 92 91 97 95 85 76 66 36 95 94 99 94 92 97 90 88 77 89 100 95 93 88 98 88 83 75 68 74 11 0 5 44 83 86 88 81 70 98 98 87 98 91 70 90 48 66 49 86 18 11 2 17 66 72 77 71 93 90 93
41 79 57 36 27 14 15 73 32 2 55 89 92 95 93 79 92 66 55 79 75 75 73 97 85 99 92 67 94 29 20 93 91 85 54 24 79 99 98 81 88 78 95 67 71 99 100 100 98 99 100 97 94 69 95 94 82 85 81 66 85 58 84 69 71 26 0 23 40 58 84 64 48 85 93 92 93 98 94 82 81 73 82 91 63 49 68 37 93 89 52 64 3 12 84 88
15 18 10 45 27 4 36 71 31 4 7 21 40 61 39 45 76 63 77 73 54 84 64 53 49 99 81 73 98 39 55 67 45 83 90 61 85 66 62 71 80 86 91 98 98 95 95 93 97 86 99 97 100 92 94 98 83 69 90 47 58 49 60 70 58 18 6 51 81 83 88 74 97 96 91 84 90 100 99 95 55 82 83 61 86 75 85 33 83 90 61 45 0 0 49 95
45 11 38 11 53 69 69 61 13 24 45 47 1 0 37 66 100 69 79 97 67 8 0 6 46 61 44 90 95 73 63 79 67 57 98 68 84 55 82 90 95 95 97 96 98 90 97 97 98 99 100 97 99 100 100 92 98 66 78 84 81 23 60 50 56 63 74 48 60 53 87 59 90 99 97 93 96 99 100 94 37 52 49 30 76 81 85 89 99 97 99 59 35 35 82 84
10 28 50 23 62 77 50 52 11 1 3 23 16 39 82 70 75 25 33 88 70 65 37 19 25 76 79 83 95 83 53 82 95 98 90 79 84 69 61 96 79 97 97 94 92 98 96 97 91 71 99 99 99 98 100 94 81 70 99 87 88 69 76 56 86 75 54 61 72 55 95 92 99 99 97 57 86 90 89 85 48 74 68 50 81 58 39 91 39 87 91 83 98 100 91 69
28 50 29 19 24 77 74 44 21 26 46 51 23 52 39 82 45 45 30 95 54 82 57 50 19 49 91 75 85 69 63 72 69 82 80 56 84 94 96 92 77 94 95 95 90 96 99 89 75 50 99 100 99 96 100 94 92 88 95 72 97 77 90 99 100 97 80 84 91 85 96 89 99 100 95 94 97 85 95 91 53 58 48 55 91 70 27 66 81 98 96 84 98 94 55 64
50 21 35 29 89 95 86 48 75 96 70 97 90 10 5 50 84 61 29 84 70 31 75 78 76 71 89 45 90 77 90 76 91 84 74 80 13 58 65 95 97 97 79 83 96 99 90 80 31 86 87 93 99 100 100 97 95 95 88 87 81 93 96 99 97 89 76 69 98 94 80 76 85 88 98 84 99 75 88 99 48 55 85 96 87 89 87 92 87 48 97 99 99 83 86 53
31 40 3 41 94 64 87 80 55 81 75 72 83 18 81 72 82 81 52 82 79 79 95 50 38 84 87 22 81 78 67 76 50 88 82 73 4 9 38 93 92 88 66 75 99 84 71 91 74 88 92 99 97 98 97 95 94 98 95 68 92 100 100 98 100 97 100 99 99 90 69 45 86 80 98 100 89 83 99 85 13 0 62 88 88 73 89 76 100 86 90 60 75 60 70 98
28 11 62 74 82 93 92 76 57 80 80 48 47 62 60 50 48 88 78 54 91 33 35 33 49 20 77 61 43 76 66 71 76 91 88 60 1 0 1 38 70 46 41 77 91 92 98 85 98 100 99 100 100 100 100 99 94 71 42 61 89 98 100 93 98 92 99 100 95 62 53 80 87 94 97 97 95 94 97 36 24 33 90 83 74 94 85 82 87 77 79 92 84 53 86 84
57 16 66 90 81 69 66 76 71 81 83 68 65 59 76 69 80 66 69 81 39 27 91 93 83 39 76 86 56 63 90 39 56 81 65 41 0 0 5 3 5 41 79 80 89 98 95 99 100 97 98 98 99 92 87 61 43 56 92 97 97 99 95 100 96 100 100 98 95 74 83 95 94 98 100 89 94 96 68 49 55 23 39 88 77 88 81 83 72 91 69 77 49 93 62 70
68 31 88 71 17 49 49 35 78 66 71 87 55 98 68 91 77 62 40 50 25 13 41 76 45 58 89 88 75 83 85 57 89 82 35 52 9 0 0 0 0 13 76 93 99 87 80 96 97 92 88 76 70 56 78 79 96 86 100 98 79 86 98 82 98 100 94 69 99 81 75 93 95 95 93 89 99 98 80 67 91 84 48 90 75 82 65 89 83 79 65 41 42 67 62 49
92 82 68 51 26 19 14 26 40 56 94 95 97 86 32 61 68 76 49 42 74 82 97 39 4 48 63 44 50 92 81 67 81 95 19 7 1 0 0 0 0 11 82 90 92 100 84 77 45 77 64 41 53 87 99 95 97 100 100 85 93 79 91 89 95 94 94 94 100 92 94 90 96 84 99 98 95 82 74 71 57 62 62 74 70 77 51 41 26 52 36 31 44 52 50 40
60 66 70 64 53 69 27 60 91 80 74 68 94 74 72 42 39 39 3 9 86 91 94 82 17 56 33 54 89 51 91 56 37 71 18 12 3 14 10 6 11 39 77 48 38 30 3 31 54 80 71 70 93 97 95 96 95 100 99 91 63 48 90 98 95 98 99 100 95 94 98 96 95 75 89 98 55 90 95 84 77 58 41 57 60 69 58 3 5 32 39 45 83 98 93 35
60 61 33 39 56 50 66 18 77 91 58 15 55 34 53 2 28 39 18 14 36 57 82 55 14 32 45 34 88 75 63 56 65 83 7 10 25 10 5 5 8 50 46 22 2 12 4 9 49 70 54 86 91 100 99 95 95 97 100 97 28 10 34 98 98 98 94 98 90 93 99 97 100 99 99 64 52 99 94 85 80 60 69 81 9 66 43 46 71 36 32 47 78 87 71 18
93 62 62 74 64 12 60 47 40 40 96 35 32 57 37 11 58 62 74 49 33 38 64 75 56 63 35 48 87 64 96 65 47 38 1 4 0 0 26 24 12 20 86 87 61 40 61 21 52 69 92 97 94 89 98 99 100 100 96 97 71 8 9 92 100 96 100 91 98 85 100 95 100 100 86 29 95 99 95 96 80 89 83 67 86 92 94 80 64 67 61 41 98 58 83 49
67 85 89 79 95 11 64 86 32 66 59 42 89 72 71 40 48 72 64 92 57 90 59 79 85 100 97 63 90 98 88 72 66 26 4 0 3 8 19 42 72 82 89 100 98 95 93 92 80 97 99 99 97 91 97 95 100 96 99 98 97 22 63 99 82 95 99 98 100 99 98 99 95 96 18 78 97 97 99 88 78 87 74 92 87 81 86 98 89 91 76 68 87 60 88 41
98 89 92 86 46 35 70 63 20 53 48 28 43 44 95 75 84 78 52 66 72 84 80 68 99 84 67 88 58 89 91 78 85 86 31 36 14 2 0 46 42 79 82 100 100 94 96 99 99 99 100 100 99 99 100 99 96 98 97 86 42 66 97 100 84 65 84 96 100 99 95 100 78 47 48 99 97 99 98 96 80 77 63 79 79 64 91 94 100 88 82 97 83 53 90 40
52 38 51 56 16 80 39 48 83 45 76 99 33 62 78 66 93 91 51 62 46 41 39 84 87 80 89 65 21 37 74 67 60 87 47 77 22 16 25 58 65 84 87 93 82 97 99 98 92 97 99 99 99 100 99 96 99 100 100 99 97 72 86 99 79 94 98 100 88 100 95 100 47 37 90 95 99 100 99 100 97 87 83 63 97 97 92 64 94 85 99 91 87 98 20 56
62 38 11 38 26 28 37 65 59 38 40 43 46 53 29 34 99 85 76 62 25 32 76 92 54 50 53 56 47 68 96 40 39 47 75 89 94 31 5 63 90 82 89 96 98 98 77 95 100 99 100 100 97 99 99 96 100 98 99 100 82 36 67 97 93 95 93 97 86 98 99 81 7 86 100 98 100 100 99 100 88 93 100 100 99 100 86 15 57 87 100 100 91 68 18 13
41 33 57 42 63 82 65 51 19 14 26 45 32 11 37 46 83 69 91 91 54 48 73 42 74 71 67 48 88 66 86 72 57 77 92 81 80 75 68 70 85 78 99 97 97 97 91 98 100 100 100 100 90 91 97 100 99 100 73 61 66 68 92 68 82 98 100 90 89 96 98 20 52 98 96 98 84 99 100 93 72 85 99 94 93 100 89 65 94 90 96 86 72 80 65 16
84 100 60 24 37 63 54 15 0 25 17 24 24 66 62 91 78 92 97 91 26 87 87 85 54 66 96 74 80 91 85 93 95 78 53 46 77 91 80 65 78 96 99 100 98 90 77 89 97 92 93 90 100 93 63 99 93 85 60 35 50 95 82 63 78 94 90 82 79 96 46 23 98 84 90 97 97 100 98 81 96 86 100 98 83 94 73 72 84 74 47 21 86 83 17 0
82 94 70 46 61 55 35 0 0 7 0 13 17 86 83 97 73 86 75 62 72 56 89 51 65 78 97 100 81 98 98 95 99 62 56 57 36 90 84 46 22 83 85 73 86 86 95 95 91 97 100 100 99 94 99 85 91 96 82 97 93 90 95 89 100 99 96 36 74 65 17 95 97 86 97 100 100 95 86 93 84 95 87 84 87 98 72 93 94 86 69 36 90 84 23 14
68 64 93 100 99 98 16 0 0 20 16 41 78 98 72 93 82 86 74 87 94 50 31 7 21 59 99 91 66 50 84 94 94 74 73 61 51 87 79 56 19 20 86 88 88 88 100 99 95 90 89 98 99 100 99 98 98 84 90 97 100 100 91 98 99 98 82 76 74 10 51 91 99 91 87 96 91 95 84 99 100 100 87 89 90 79 92 76 48 85 74 51 74 65 67 7
48 78 91 49 52 63 1 8 20 23 47 19 42 23 0 39 54 90 64 96 61 62 57 43 48 52 80 69 26 14 81 84 100 80 89 71 93 73 39 64 88 82 72 88 94 83 91 99 74 80 69 93 95 99 99 100 99 93 81 84 98 98 82 97 94 89 86 89 28 42 94 98 96 99 85 68 56 65 97 96 100 94 92 86 62 88 51 56 39 77 45 18 16 40 71 39
51 92 75 37 46 55 0 28 64 80 94 59 79 48 37 22 75 94 99 79 93 79 62 58 85 73 78 93 93 51 93 100 61 95 92 62 93 76 32 84 83 71 52 67 94 89 99 77 82 94 98 96 94 100 94 100 96 99 72 24 75 91 82 97 95 90 94 55 41 82 93 96 86 87 86 85 37 53 100 97 94 100 84 100 86 90 96 98 68 41 11 14 35 79 87 84
