Data/Land Cover 1km/FME_656D6600_1589209169783_10689/temp/lcm2007_aggregate_classes_1km_gb_10.asc
ncols 700
nrows 1300
xllcorner 0
yllcorner 0
cellsize 1000
[rows 1066 to 1147 of 1300, columns 288 to 383 of 700]
0 0 0 2 0 0 1 1 0 0 1 1 0 0 0 1 0 0 0 0 1 0 0 1 1 0 1 27 7 0 0 0 0 0 0 0 0 0 0 0 0 1 0 1 0 1 0 1 0 0 1 0 4 6 2 0 0 3 9 0 0 1 0 1 2 0 0 1 1 1 1 6 0 3 1 0 6 3 0 1 1 1 1 6 0 1 3 7 1 2 2 2 4 3 4 0
0 0 0 0 0 0 1 2 0 0 1 0 0 0 1 1 1 0 0 0 0 4 0 0 0 0 6 0 1 0 0 0 1 0 0 0 0 0 0 1 1 1 1 0 1 0 0 0 0 2 1 1 1 0 1 1 0 1 1 1 0 9 3 1 0 1 1 0 0 2 4 1 2 0 1 0 1 1 0 0 0 1 2 2 2 5 2 1 4 2 0 0 0 1 0 1
0 0 0 0 6 0 0 0 1 0 0 2 3 2 0 0 0 1 1 1 0 2 0 0 0 0 1 1 0 0 1 0 0 0 0 0 0 2 0 0 1 0 1 1 0 0 0 0 0 1 1 3 0 3 0 3 0 2 1 1 3 8 11 1 0 4 0 3 1 1 3 1 3 2 2 1 1 1 1 2 2 7 0 1 2 0 1 4 2 2 2 1 0 2 1 4
1 3 0 3 1 1 1 2 0 0 0 0 1 2 0 1 2 4 1 5 0 1 1 0 1 3 0 0 2 0 0 0 0 0 0 0 0 0 2 0 0 0 1 0 1 2 1 1 0 0 6 4 3 0 1 0 2 1 1 0 3 5 8 2 1 1 0 1 0 2 0 1 1 3 1 0 0 1 0 1 2 0 1 2 4 1 0 1 2 0 2 2 2 1 1 3
2 1 1 1 9 0 3 1 0 0 2 1 1 0 0 11 54 8 1 3 1 1 1 1 0 0 0 1 2 0 2 0 0 0 0 0 0 0 0 0 0 0 0 0 1 1 1 0 3 6 1 1 3 2 0 0 1 2 1 2 1 1 1 1 1 2 2 0 0 1 2 0 0 0 1 4 0 0 3 3 0 2 5 1 0 1 2 1 0 3 7 5 0 6 0 0
2 2 0 9 11 0 0 0 1 3 1 0 1 8 6 39 73 28 14 0 0 0 1 2 0 1 1 1 1 1 0 1 0 0 0 0 0 0 0 0 0 0 0 3 2 3 0 1 0 1 19 7 3 2 0 1 0 1 0 1 1 1 0 2 1 1 3 1 2 0 2 0 2 0 2 0 0 2 0 1 1 4 2 15 10 4 1 0 0 0 6 18 0 2 4 3
0 1 0 1 2 0 0 0 1 1 1 1 0 1 2 7 2 11 16 6 1 0 1 2 5 11 0 1 1 0 0 0 1 0 0 0 0 0 0 0 3 0 0 1 1 2 4 1 1 1 0 20 2 1 0 0 1 0 0 2 1 1 2 3 1 0 1 0 1 3 0 0 0 0 0 1 3 3 0 0 0 1 1 3 24 7 2 2 0 0 1 1 3 0 0 0
0 0 0 1 1 1 1 0 2 0 1 3 0 1 1 0 0 0 2 0 1 1 0 1 1 1 3 0 1 1 1 2 0 0 0 0 1 0 0 0 0 0 0 0 1 0 1 0 1 0 0 2 0 0 2 3 2 1 0 0 0 2 1 2 6 0 0 2 1 1 1 0 3 1 1 3 2 0 5 4 0 0 0 17 20 0 1 1 1 0 2 2 0 0 0 0
0 0 0 2 0 0 0 2 0 0 0 4 1 1 1 0 0 1 0 1 1 4 1 1 0 2 4 2 0 0 1 4 0 0 0 0 0 1 0 0 0 0 0 0 0 0 0 1 1 2 0 0 1 2 2 0 5 3 2 0 0 0 3 2 1 1 5 1 0 1 2 17 47 4 3 6 2 7 3 7 3 7 1 35 45 3 2 1 1 1 0 5 6 7 0 1
0 5 0 0 0 2 3 1 0 2 1 1 1 0 4 1 0 1 3 0 0 4 2 0 0 2 2 4 0 0 2 0 0 0 0 0 0 0 0 0 0 0 0 0 0 1 0 0 0 0 0 0 3 0 0 0 1 0 0 1 1 2 0 0 1 1 1 1 8 2 14 33 74 7 0 3 4 2 2 2 1 3 1 0 5 0 0 1 0 0 1 3 1 0 0 0
1 2 3 0 2 0 1 0 0 1 3 0 1 0 0 0 0 0 0 0 0 0 0 2 1 0 0 0 0 2 3 0 0 0 1 1 1 2 0 0 1 0 0 0 0 0 0 2 1 2 0 1 0 0 0 0 0 0 0 0 0 0 1 0 0 2 2 0 1 3 6 70 39 3 4 10 0 3 1 1 2 1 4 1 1 0 1 0 0 1 4 1 1 0 3 3
3 3 1 0 2 1 0 0 0 3 0 0 0 1 0 0 0 0 0 0 0 0 0 6 1 0 4 0 0 0 0 0 0 0 0 1 0 0 0 0 0 1 0 1 0 3 1 0 1 1 0 0 1 0 0 0 0 2 3 1 0 0 0 0 0 0 1 1 3 1 4 20 0 0 0 1 3 1 5 0 1 1 2 0 0 1 0 2 1 2 1 1 2 0 0 0
5 0 0 0 1 1 1 0 0 0 0 0 0 0 0 0 0 0 0 0 0 0 2 0 1 1 0 2 1 0 2 0 0 0 0 0 0 0 0 0 0 0 0 0 0 3 0 0 1 0 0 1 0 1 0 0 0 1 1 1 2 1 0 0 2 1 1 1 2 3 2 8 3 4 1 2 6 2 4 0 2 0 1 3 2 2 0 1 5 2 1 0 1 8 3 1
2 1 0 0 2 1 0 0 0 1 1 0 0 0 0 0 0 0 0 1 0 0 7 0 0 0 1 5 0 0 0 2 0 0 0 2 1 1 1 5 1 1 0 3 6 1 0 1 0 0 0 0 0 0 0 1 1 1 0 0 1 3 1 0 0 1 0 1 1 0 3 5 5 1 3 2 3 1 1 2 3 3 1 0 0 0 1 0 3 0 2 35 7 1 3 33
0 0 0 0 0 0 0 0 0 0 2 0 0 0 0 0 0 0 0 0 0 2 3 0 0 0 2 13 1 2 1 1 0 7 1 0 1 2 0 0 0 0 0 1 3 1 0 1 0 1 1 0 1 0 5 1 0 2 1 0 0 0 0 2 18 1 2 0 7 7 1 3 1 0 4 1 2 1 18 1 10 1 1 8 22 0 0 1 2 2 0 14 5 16 27 84
0 0 0 0 0 0 0 0 0 0 0 0 0 0 0 0 0 0 0 0 0 1 1 0 0 0 1 1 1 0 0 1 2 25 3 0 1 0 0 2 0 1 0 3 1 0 1 0 0 3 1 1 1 0 0 1 0 1 1 0 0 0 1 0 1 1 1 14 8 1 0 2 0 0 1 0 2 3 46 1 17 12 1 1 0 2 3 1 1 8 2 2 1 5 51 100
0 0 0 0 0 0 0 0 0 0 0 1 0 0 0 0 0 2 1 0 0 0 2 0 0 0 0 1 0 0 0 0 7 11 5 2 0 5 0 0 0 0 1 1 4 0 1 1 0 1 0 2 0 1 1 0 1 0 1 1 0 0 1 4 0 2 20 19 0 0 6 3 0 13 24 8 32 1 7 0 0 0 1 0 1 0 0 2 0 6 3 1 0 14 89 94
0 0 0 0 1 0 0 0 0 0 0 1 0 0 0 0 1 0 0 0 0 0 0 0 0 0 1 1 0 0 1 0 0 2 2 11 2 1 0 0 0 1 12 4 0 1 2 0 0 1 1 0 0 0 1 0 1 2 0 1 0 1 0 0 0 5 2 20 1 0 2 12 24 2 4 9 18 0 3 1 0 0 0 1 5 0 2 3 3 2 2 0 1 35 87 79
0 0 0 0 1 0 1 0 0 0 4 3 0 0 0 0 2 0 0 0 0 0 0 0 0 0 0 0 0 0 0 0 1 0 0 3 17 3 1 0 9 38 76 10 1 0 1 1 1 0 0 1 2 0 1 1 0 0 0 0 1 0 1 0 1 1 3 4 4 5 2 1 25 0 4 1 13 3 1 0 2 0 0 0 0 0 0 4 1 1 2 1 20 78 76 41
0 1 0 1 0 0 0 0 0 0 0 0 3 0 0 0 0 1 1 0 0 1 0 0 0 0 0 0 0 0 4 0 0 1 0 2 38 21 13 5 26 92 75 2 1 1 1 0 0 0 0 3 0 0 1 1 0 0 0 1 5 0 35 1 2 0 1 0 0 2 1 0 7 0 0 0 33 69 17 0 2 0 1 1 0 2 2 1 0 1 1 23 81 73 77 35
0 3 2 0 0 3 0 0 0 0 0 0 4 5 0 0 0 1 0 0 0 0 0 0 0 0 0 1 0 0 26 0 0 0 4 3 4 1 26 6 19 28 38 0 0 1 1 1 2 0 0 0 0 1 0 3 0 1 0 0 0 19 25 25 1 0 0 0 2 8 1 3 0 0 0 1 5 81 24 8 0 2 3 1 1 2 2 0 1 0 0 24 97 49 13 0
0 1 1 0 3 0 1 0 0 0 0 0 2 3 0 0 0 1 1 0 0 0 0 0 4 0 20 59 39 5 21 29 5 1 16 1 0 2 1 0 4 2 15 1 0 0 1 1 0 1 0 0 0 1 0 1 1 1 0 0 0 46 64 59 8 1 2 0 1 52 9 0 1 0 0 1 3 45 1 2 5 4 0 0 2 0 2 1 4 0 4 5 34 21 6 10
1 1 0 1 1 6 0 1 0 0 0 0 0 8 0 0 1 4 1 1 0 0 0 0 4 5 30 46 76 32 60 61 2 11 11 2 6 1 0 0 0 0 1 1 1 1 2 1 0 0 0 2 1 1 1 1 0 0 0 1 0 5 9 2 0 1 2 0 1 27 33 5 1 0 0 0 4 18 0 0 12 11 2 2 0 0 2 0 4 0 0 2 21 13 4 2
0 0 0 1 0 1 0 0 0 0 0 0 0 1 0 0 0 1 1 0 0 0 0 31 46 77 62 15 72 14 22 43 1 1 2 3 0 0 0 0 1 0 7 1 4 2 0 2 1 1 2 0 0 0 1 1 3 0 2 2 7 8 0 0 1 3 0 3 6 69 32 3 1 0 0 0 0 1 2 1 6 0 2 1 1 1 5 3 1 0 3 13 9 5 1 2
1 0 1 1 2 0 2 0 0 0 0 1 1 1 2 7 1 3 30 2 0 4 18 8 1 36 54 24 69 30 0 43 7 0 4 7 25 38 1 0 0 1 2 0 0 9 5 5 6 1 2 1 0 0 0 0 0 0 3 1 2 9 1 4 1 2 0 3 0 13 29 0 0 0 0 0 0 0 1 1 2 1 0 0 0 3 4 2 0 1 10 5 2 4 2 1
1 0 0 0 0 1 13 6 0 0 0 1 0 0 20 35 47 52 62 45 17 1 25 32 0 37 56 5 23 55 0 28 42 1 0 8 24 62 10 0 0 1 1 5 2 4 2 0 4 1 1 5 4 2 10 6 7 2 0 0 0 3 0 0 0 0 1 1 1 4 17 5 0 5 0 0 1 0 0 3 0 2 0 0 0 0 12 11 0 24 12 1 3 0 0 0
2 6 19 3 2 0 6 5 2 0 0 6 4 13 27 64 51 71 62 12 0 3 11 54 2 2 10 19 3 27 2 5 32 0 0 0 0 1 1 0 0 2 1 2 2 3 1 1 5 1 1 1 6 31 3 0 2 0 0 1 0 0 1 0 0 1 0 9 3 1 10 1 0 8 0 15 11 0 3 5 1 0 1 0 0 0 16 1 3 5 7 0 2 0 2 12
37 8 0 5 19 38 18 9 3 1 2 1 1 1 42 75 86 69 18 4 4 4 0 44 13 0 0 2 0 28 1 1 12 4 0 0 3 0 0 0 0 1 2 2 0 1 0 1 1 0 1 1 0 5 1 0 0 0 0 0 6 1 0 1 25 1 0 0 2 2 2 1 29 13 35 14 11 15 18 3 1 0 0 0 0 1 9 0 0 10 8 10 27 3 7 9
10 17 2 7 14 4 15 55 54 5 1 9 7 3 18 7 46 76 11 0 1 10 18 14 11 11 0 1 0 1 31 0 9 28 1 0 0 4 21 0 1 0 0 3 13 1 1 1 0 1 1 0 1 3 1 0 0 1 1 3 0 1 1 1 0 0 1 2 0 1 0 6 44 1 0 1 6 1 3 2 0 0 0 0 0 0 0 1 8 26 4 62 83 6 48 80
0 9 0 1 0 0 0 0 16 46 28 34 9 10 0 3 1 63 9 0 0 2 2 1 2 6 0 1 6 1 21 4 2 77 13 0 0 4 73 2 0 0 2 0 21 0 2 1 1 0 3 1 0 2 0 0 1 0 1 0 0 0 1 1 8 0 1 13 11 0 2 2 1 0 2 23 8 2 1 1 0 2 0 2 5 0 3 2 5 2 1 7 27 23 34 52
0 1 0 0 2 0 0 0 0 2 66 63 19 18 2 0 0 29 61 3 1 1 0 3 0 10 30 0 1 0 1 1 1 14 26 0 0 2 59 11 0 0 1 0 2 6 2 2 1 0 1 1 0 2 0 0 0 0 0 3 2 2 2 2 6 5 4 1 0 1 0 0 0 0 10 75 23 0 0 0 2 4 1 0 0 2 3 5 4 1 3 2 35 31 7 12
1 0 0 5 1 0 0 0 0 1 20 44 70 16 25 1 0 1 26 24 1 0 0 0 7 0 16 10 2 0 1 1 2 6 6 0 0 0 19 53 20 1 22 17 3 1 4 3 1 0 1 0 1 0 1 0 3 1 1 1 0 2 1 4 0 0 1 1 2 0 0 3 0 2 15 49 21 1 7 26 3 1 0 1 1 4 7 9 6 2 6 0 1 2 1 12
1 1 0 2 0 0 2 2 4 3 1 2 20 63 61 1 0 0 8 9 2 12 0 1 2 1 1 6 25 5 7 0 7 20 0 2 1 1 16 61 38 1 7 0 1 7 13 10 6 19 10 3 3 3 0 0 0 0 1 1 0 3 0 0 6 1 3 1 1 0 1 0 2 6 5 18 22 0 4 17 2 1 0 1 2 7 18 0 0 6 2 2 0 2 0 5
2 0 0 1 4 2 0 0 10 2 2 0 9 50 53 5 1 1 9 31 0 9 0 0 1 1 15 49 4 6 1 14 27 20 9 0 1 0 3 44 57 58 30 3 1 0 7 1 2 36 2 3 0 0 0 0 2 0 0 1 1 0 0 0 4 9 0 0 1 1 2 23 4 0 2 0 0 0 0 2 3 0 1 7 7 8 47 14 1 2 4 0 4 1 1 14
2 0 0 2 17 9 0 0 0 3 2 14 34 0 15 36 51 11 1 38 0 0 6 14 0 0 54 60 5 3 2 38 5 6 3 3 0 0 0 4 21 88 65 1 1 0 2 1 0 2 0 2 0 1 1 1 1 1 0 0 0 1 0 1 1 0 0 0 0 0 1 1 0 0 0 0 0 6 2 8 41 3 2 3 7 26 58 60 1 0 1 0 0 0 0 11
0 0 2 1 1 44 27 1 0 36 1 0 1 1 0 2 44 59 2 17 1 0 11 0 0 1 24 54 24 19 53 55 25 38 8 1 0 0 0 0 37 78 14 0 0 3 2 0 0 1 0 2 0 2 1 0 1 0 0 3 3 0 0 0 1 0 0 3 1 0 0 4 1 0 0 0 2 0 0 3 1 0 1 0 6 1 4 69 5 0 16 13 1 0 1 3
1 0 1 5 2 2 27 43 1 9 40 31 5 1 0 1 0 44 14 5 3 24 28 0 3 23 49 58 80 74 16 2 25 50 7 0 0 0 0 1 5 34 9 0 0 0 0 0 0 0 0 2 0 0 1 0 0 0 1 0 0 0 0 1 0 0 1 1 1 1 0 0 0 0 0 0 0 0 0 1 0 3 0 2 7 1 1 30 35 2 5 1 0 1 7 1
6 17 1 2 3 0 7 54 57 2 0 16 16 0 0 3 0 2 23 29 27 43 42 7 3 49 51 70 61 83 50 29 33 20 0 0 1 0 0 37 78 90 74 0 1 0 0 0 2 4 4 2 1 0 1 0 2 1 0 0 0 1 0 19 0 0 1 1 0 0 0 0 0 0 0 1 0 2 0 0 0 1 1 8 0 4 0 1 0 0 2 0 0 0 0 1
0 0 0 0 0 1 13 1 31 52 30 1 19 14 1 2 2 3 0 16 47 8 35 54 2 6 38 30 50 81 53 7 1 43 11 0 0 1 6 77 81 85 52 1 1 2 1 1 2 2 1 1 2 2 0 0 0 2 1 0 0 0 2 0 2 1 4 6 1 0 0 0 0 0 2 1 1 1 1 1 18 4 14 4 6 1 5 0 0 0 0 0 0 0 0 0
0 0 0 0 1 0 0 3 5 32 18 41 42 18 0 1 1 23 10 16 38 1 2 5 2 21 72 50 14 15 1 1 0 28 1 0 0 0 37 66 90 88 59 10 0 0 0 3 0 3 1 11 0 0 0 0 1 1 0 1 3 1 1 0 31 24 32 1 0 0 0 0 13 3 1 0 0 0 1 3 1 5 1 1 1 0 2 4 3 0 2 1 0 0 1 0
1 2 10 0 0 12 0 0 0 11 12 59 4 17 25 0 1 2 25 10 7 3 7 0 0 1 43 3 1 4 0 0 0 20 20 1 0 0 26 38 32 63 50 3 10 3 1 4 4 2 3 1 0 1 1 0 0 0 0 10 3 0 2 5 60 80 49 1 0 0 0 0 0 2 1 0 0 2 2 1 8 3 0 4 0 3 2 56 30 2 2 1 1 1 0 0
0 0 25 0 0 32 1 0 0 11 26 71 34 3 44 0 0 3 10 53 38 0 1 0 0 0 12 29 0 11 7 0 0 7 19 0 0 1 2 1 1 5 24 2 23 16 0 1 1 4 1 0 0 0 0 0 0 0 2 5 0 0 5 13 14 82 15 0 0 0 0 0 2 6 3 0 5 1 0 3 6 26 2 7 30 1 12 6 19 0 0 1 0 0 0 0
1 0 37 0 0 13 0 0 0 4 3 46 42 36 72 32 11 1 3 11 40 3 0 21 1 2 2 30 0 0 31 18 15 26 35 28 2 1 0 2 10 17 69 4 36 67 3 5 2 4 0 2 18 0 0 3 0 0 51 43 34 5 4 2 4 53 32 4 0 0 1 0 0 4 2 6 22 0 1 3 4 9 7 1 17 0 21 0 1 1 0 1 1 0 2 0
0 1 8 2 2 32 0 0 0 1 1 4 43 20 37 7 14 14 74 81 24 0 0 27 7 0 22 9 1 1 0 0 1 2 0 33 82 37 0 1 58 45 78 14 31 29 21 4 7 10 35 1 3 0 1 0 0 0 11 34 20 10 0 3 2 17 3 3 0 0 1 0 1 1 1 51 84 8 5 4 2 2 0 4 3 0 0 0 3 0 0 0 0 0 0 0
0 0 8 0 0 17 1 1 4 11 6 0 5 13 4 0 0 0 46 38 61 2 0 23 44 1 20 4 29 19 7 11 25 25 0 0 39 58 25 24 0 3 61 59 97 38 14 49 36 25 21 9 2 2 0 2 3 0 3 14 10 2 1 0 0 1 0 0 7 27 0 0 1 0 4 32 68 12 5 3 0 4 0 8 5 1 1 1 2 2 0 0 1 1 0 0
1 0 5 6 0 8 1 1 2 11 27 16 35 61 7 0 0 1 4 8 67 75 4 0 3 32 87 82 87 69 30 37 7 10 6 1 0 8 66 63 10 35 84 79 99 74 73 65 8 0 13 6 4 4 3 0 0 5 10 84 54 33 19 2 0 0 0 0 0 4 5 6 2 1 16 28 2 2 24 4 1 1 2 1 30 0 1 0 0 0 0 1 0 0 0 1
2 14 13 25 8 7 6 0 0 3 3 15 49 3 3 1 0 1 1 0 9 50 60 0 0 39 95 71 66 1 6 6 0 2 2 1 1 4 52 87 81 94 84 89 76 91 72 11 6 3 10 5 3 27 67 52 7 33 30 41 40 20 21 0 0 0 0 3 1 0 2 6 17 5 9 19 2 5 3 0 1 0 1 1 13 1 0 0 1 4 1 0 0 2 0 0
2 14 16 2 1 16 2 1 0 1 0 2 12 33 0 1 1 1 16 19 68 51 58 30 4 50 94 72 36 2 1 0 0 1 2 1 0 3 20 20 2 74 99 80 74 79 73 12 8 17 11 13 31 1 11 17 1 0 2 1 0 0 0 1 2 0 2 3 2 4 7 8 22 6 6 2 6 1 0 2 5 3 0 3 4 1 0 0 0 8 6 0 0 0 1 0
5 4 11 8 2 0 0 1 0 0 0 0 0 8 3 1 11 16 51 34 39 9 1 42 30 8 24 4 0 0 1 0 1 0 0 0 2 4 1 4 32 73 28 55 47 52 21 2 1 4 1 0 0 5 1 2 2 0 0 0 0 0 0 0 1 6 25 36 6 0 1 2 4 4 0 4 1 1 3 0 3 10 1 3 2 1 0 1 0 3 3 0 0 0 0 1
4 51 59 50 1 0 12 7 8 0 3 0 2 0 3 59 25 34 65 52 23 6 4 7 17 1 4 9 1 1 1 1 0 0 4 3 4 4 7 38 62 43 7 56 20 23 3 2 2 1 0 0 3 2 0 1 0 0 0 0 0 0 0 0 0 8 22 5 2 1 1 2 28 30 6 1 0 0 3 1 4 10 7 16 11 0 0 3 5 0 1 1 0 0 0 11
7 53 71 11 1 10 2 5 6 1 24 32 19 0 0 14 54 14 2 2 5 2 0 19 75 1 0 0 27 62 50 11 6 16 8 8 12 26 0 6 6 3 3 1 25 8 0 0 0 6 0 0 2 1 0 0 0 0 0 0 0 0 0 0 0 16 29 28 4 4 18 39 52 68 6 0 0 2 1 9 12 31 81 88 20 0 2 0 0 1 0 0 0 0 0 1
5 35 52 20 9 7 4 18 40 23 23 60 10 7 33 80 56 30 2 4 1 14 16 8 31 23 8 46 82 90 65 17 51 75 8 12 8 22 13 4 1 4 1 0 0 1 0 0 2 0 1 1 1 0 0 0 0 0 0 0 0 0 0 0 1 31 37 7 3 6 4 40 78 92 40 4 1 10 13 0 0 53 72 93 64 31 2 0 1 0 0 1 5 0 0 1
5 36 79 49 15 0 14 74 42 10 37 33 4 1 6 71 48 31 15 17 30 9 14 3 66 51 68 67 92 89 41 77 87 62 78 85 68 12 18 2 2 6 0 0 0 0 0 0 0 0 0 0 0 0 0 0 0 0 0 0 0 0 0 0 28 35 21 4 1 18 51 89 82 81 64 16 2 51 50 66 8 13 66 88 47 34 3 4 2 0 0 1 2 2 0 1
40 90 92 77 62 2 4 30 38 20 5 23 32 39 22 22 16 17 1 4 9 6 7 20 46 50 64 90 97 82 89 92 54 42 91 70 42 2 5 1 1 1 0 0 0 0 0 0 0 0 0 0 0 0 0 0 0 0 0 0 0 0 0 17 75 33 7 3 9 46 53 55 72 64 93 48 28 50 25 60 4 5 33 10 0 0 0 0 3 0 1 0 0 6 0 0
56 89 91 93 86 71 9 1 1 5 0 0 3 1 4 1 4 10 22 7 7 18 2 8 8 52 69 88 97 77 78 86 48 73 57 20 29 1 2 0 0 0 0 0 0 0 0 0 0 0 0 0 0 0 0 0 0 0 0 0 0 0 18 75 77 18 13 21 57 61 51 60 91 53 68 24 17 30 4 6 3 4 7 4 0 0 1 3 0 0 1 3 5 6 2 5
10 19 61 53 75 76 10 0 0 3 1 0 0 2 1 0 15 1 5 1 0 3 6 0 12 72 86 65 66 91 79 94 87 53 52 12 3 0 0 0 0 0 0 0 0 0 0 0 0 0 0 0 0 0 0 0 0 0 0 0 0 1 33 88 83 25 60 26 53 84 81 75 83 78 38 29 35 51 58 8 4 9 2 0 1 0 2 7 3 2 3 2 0 1 1 0
3 3 16 7 6 1 0 2 0 7 0 2 0 8 1 4 1 0 2 1 2 2 6 7 16 75 82 89 47 49 100 99 92 31 0 5 0 0 0 0 0 0 0 0 0 0 0 0 0 0 0 0 0 0 0 0 0 0 22 32 2 56 62 57 91 49 35 62 57 88 96 94 81 17 42 51 78 89 87 21 7 6 3 5 2 2 9 2 0 0 0 0 1 2 0 0
10 7 2 0 1 0 0 2 0 8 0 1 5 2 4 1 0 1 1 0 15 1 1 22 46 87 66 77 99 78 100 99 92 39 0 0 0 0 0 0 0 0 0 0 0 0 0 0 0 0 0 0 0 0 0 0 29 54 89 64 3 51 83 40 59 51 18 77 90 92 81 90 74 26 60 61 95 91 92 33 0 31 18 1 0 2 1 6 0 0 0 0 0 0 1 0
0 7 0 3 2 2 4 0 4 0 4 2 7 3 0 2 0 3 1 4 5 4 2 58 83 74 26 15 63 92 92 88 83 26 0 0 0 0 0 0 0 0 0 0 0 0 0 0 0 0 0 0 0 0 0 29 71 22 49 41 0 26 26 44 50 18 2 69 78 67 96 88 63 41 82 94 98 97 28 5 3 12 9 0 0 1 2 3 0 0 0 0 0 1 1 0
1 15 0 4 3 1 0 0 5 2 26 76 11 11 1 2 1 1 5 3 3 4 6 35 26 17 1 1 44 90 68 73 61 4 0 0 0 0 0 0 0 0 0 0 0 0 0 0 0 0 0 0 0 0 1 1 3 4 4 3 6 1 0 1 3 3 10 9 7 90 99 96 95 83 82 89 100 95 36 1 1 1 0 1 1 1 0 0 0 0 1 0 1 2 0 1
2 1 0 0 1 4 5 1 1 1 11 2 2 3 0 0 2 3 1 1 0 0 0 2 16 1 1 0 33 56 16 35 10 0 0 0 0 0 0 0 0 0 0 0 0 0 0 0 0 0 0 0 0 2 3 0 7 1 7 8 0 2 1 5 1 15 15 4 33 92 100 97 100 95 73 96 94 97 77 42 4 6 15 1 1 0 2 1 0 22 15 0 8 0 1 0
1 1 1 0 10 0 1 23 11 0 0 2 0 0 1 0 1 0 0 1 0 4 1 3 24 1 0 2 29 73 52 4 0 0 0 0 0 0 0 0 0 0 0 0 0 0 0 0 0 0 0 0 34 45 0 6 8 4 1 12 9 0 5 1 1 0 1 11 35 74 91 98 98 83 67 78 88 83 89 88 10 8 21 4 0 1 1 1 0 15 0 0 27 15 1 0
0 0 0 0 1 0 2 26 10 3 0 0 4 4 2 0 0 3 0 0 0 2 0 1 3 0 16 63 54 89 93 4 0 0 0 0 0 0 0 0 0 0 0 0 0 0 0 0 0 0 0 4 81 64 9 14 9 10 29 42 16 1 2 17 18 3 1 4 70 99 96 82 81 95 66 32 45 71 88 56 1 1 0 0 0 1 0 0 0 0 0 3 32 29 6 0
0 0 0 1 1 0 0 3 1 0 0 6 1 2 0 0 0 7 2 1 0 1 1 19 15 7 6 35 5 64 58 0 0 0 0 0 0 0 0 0 0 0 0 0 0 0 0 0 0 0 0 49 92 56 1 0 0 15 93 88 60 0 1 1 0 36 58 12 61 88 85 85 93 87 80 19 8 35 48 28 1 5 0 2 1 0 0 0 0 2 0 1 0 4 0 1
0 0 0 0 2 0 2 2 26 35 4 30 44 38 0 1 2 2 0 1 1 5 57 79 85 77 21 1 4 1 36 0 0 0 0 0 0 0 0 0 0 0 0 0 0 0 0 0 0 0 0 4 21 18 0 0 0 7 36 37 25 13 14 11 5 19 8 2 47 76 82 75 84 64 17 2 11 18 7 5 18 2 2 3 0 0 0 1 0 0 1 0 0 1 0 5
0 0 0 1 0 6 0 0 41 70 47 76 68 41 0 4 0 4 11 2 0 20 86 95 99 79 66 49 5 6 0 0 0 0 0 0 0 0 0 0 0 0 0 0 0 0 0 0 0 0 1 0 4 1 0 0 1 1 1 4 77 29 0 2 2 2 1 7 60 95 89 43 81 73 68 1 60 88 49 6 4 14 0 1 0 0 0 0 0 12 10 0 0 4 33 1
0 0 0 0 0 1 1 2 2 7 0 3 1 21 4 21 2 8 54 23 2 18 87 78 56 49 5 12 10 0 0 0 0 0 0 0 0 0 0 0 0 0 0 0 0 0 0 0 0 0 0 0 8 1 0 0 0 0 0 6 8 2 1 1 2 10 2 0 51 54 77 58 76 39 7 1 41 45 38 30 36 1 1 0 24 2 21 2 13 30 44 5 2 2 2 0
0 0 0 0 0 0 0 0 0 0 0 0 0 1 29 18 10 48 59 16 2 18 37 52 12 0 0 0 0 0 0 0 0 0 0 0 0 0 0 0 0 0 0 0 0 0 1 0 2 0 2 1 7 9 46 2 14 1 7 1 1 3 0 0 1 2 0 6 2 3 0 0 2 4 0 1 1 5 18 17 46 4 0 1 59 31 61 78 44 35 14 20 1 0 0 0
0 0 0 0 0 0 0 0 0 0 0 0 0 0 13 5 5 6 12 8 0 0 0 0 0 0 0 0 0 0 0 0 0 0 0 0 0 0 0 0 0 0 0 0 0 4 0 1 1 1 1 6 2 5 39 40 15 18 1 4 2 14 47 22 9 4 0 0 0 0 0 2 1 0 0 0 0 0 2 0 3 7 1 9 83 71 65 89 37 19 1 0 2 0 0 1
0 0 0 0 0 0 0 0 0 0 0 0 0 0 0 0 0 0 0 0 0 0 0 0 0 0 0 0 0 0 0 0 0 0 0 0 0 0 0 0 0 0 0 0 0 20 1 6 38 0 5 6 6 3 2 17 22 0 0 0 0 1 24 1 0 1 0 1 0 0 0 1 0 4 1 0 2 1 0 0 0 4 1 28 75 92 90 82 26 38 1 1 0 0 0 2
0 0 0 0 0 0 0 0 0 0 0 0 0 0 0 0 0 0 0 0 0 0 0 0 0 0 0 0 0 0 0 0 0 0 0 0 0 0 0 0 0 0 0 0 5 42 6 76 83 24 7 0 2 0 0 32 13 0 5 6 1 2 0 1 0 1 0 2 7 31 2 0 1 9 11 0 0 1 1 1 0 1 0 4 73 80 77 28 7 4 0 0 1 0 1 1
0 0 0 0 0 0 0 0 0 0 0 0 0 0 0 0 0 0 0 0 0 0 0 0 0 0 0 0 0 0 0 0 0 0 0 0 0 0 0 0 0 0 5 38 29 67 76 90 85 45 2 1 1 0 0 3 7 0 22 25 3 4 0 0 1 1 3 5 5 6 1 1 2 1 0 0 0 0 4 1 0 0 0 2 7 61 60 77 26 1 1 3 1 0 3 1
0 0 0 0 0 0 0 0 0 0 0 0 0 0 0 0 0 0 0 0 0 0 0 0 0 0 0 0 0 0 0 0 0 0 0 0 0 0 0 0 0 0 0 37 98 89 82 74 26 6 1 1 0 0 1 2 0 10 3 1 0 0 1 1 0 1 0 16 12 0 1 2 2 1 1 2 0 0 1 1 0 0 2 0 0 27 18 4 0 6 3 4 26 13 59 21
0 0 0 0 0 0 0 0 0 0 0 0 0 0 0 0 0 0 0 0 0 0 0 0 0 0 0 0 0 0 0 0 0 0 0 0 0 0 0 0 0 0 0 33 86 62 10 24 28 26 1 0 0 1 1 6 7 39 12 2 0 0 2 0 0 1 1 0 0 0 0 1 0 0 0 2 1 13 16 0 0 5 2 0 0 0 0 2 3 4 26 11 1 8 57 28
0 0 0 0 0 0 0 0 0 0 0 0 0 0 0 0 0 0 0 0 0 0 0 0 0 0 0 0 0 0 0 0 0 0 0 0 0 0 0 0 0 0 0 20 75 76 10 20 28 27 9 42 4 16 26 13 6 0 3 2 3 1 8 3 0 2 0 1 0 0 34 3 0 6 23 3 1 0 8 1 2 1 0 0 0 0 0 0 0 2 4 1 18 2 17 12
0 0 0 0 0 0 0 0 0 0 0 0 0 0 0 0 0 0 0 0 0 0 0 0 0 0 0 0 0 0 0 0 0 0 0 0 0 0 0 0 0 0 0 32 54 63 13 25 2 1 7 5 4 18 5 2 1 1 0 0 1 11 12 6 3 2 0 0 0 1 0 3 0 4 16 3 34 2 31 11 1 2 2 1 1 2 0 0 1 5 5 0 1 2 1 11
0 0 0 0 0 0 0 0 0 0 0 0 0 0 0 0 0 0 0 0 0 0 0 0 0 0 0 0 0 0 0 0 0 0 0 0 0 0 0 0 0 5 0 0 9 19 3 0 1 0 3 0 0 27 58 1 27 4 0 0 0 0 1 0 2 5 3 1 1 0 0 0 3 2 15 9 3 3 2 1 1 13 68 19 1 0 0 1 0 0 0 0 1 1 3 1
0 0 0 0 0 0 0 0 0 0 0 0 0 0 0 0 0 0 0 0 0 0 0 0 0 0 0 0 0 0 0 0 0 0 0 0 0 0 0 0 0 23 3 2 1 10 16 1 0 0 0 2 1 9 12 1 4 4 2 0 0 1 0 0 0 0 4 2 3 1 1 1 0 4 1 3 45 55 0 1 4 2 4 1 1 0 0 0 0 4 3 1 0 0 1 8
0 0 0 0 0 0 0 0 0 0 0 0 0 0 0 0 0 0 0 0 0 0 0 0 0 0 0 0 0 0 0 0 0 0 0 0 0 0 0 0 0 38 9 0 3 1 3 0 0 4 3 1 0 0 1 0 7 1 0 0 0 2 0 3 0 0 0 1 8 0 1 1 0 1 11 14 5 23 16 0 19 22 3 3 0 0 0 0 2 20 1 0 1 0 0 21
0 0 0 0 0 0 0 0 0 0 0 0 0 0 0 0 0 0 0 0 0 0 0 0 0 0 0 0 0 0 0 0 0 0 0 0 0 0 0 0 0 51 0 1 1 8 1 1 2 4 1 0 0 4 13 28 4 11 2 0 0 0 0 0 1 0 0 1 0 0 0 4 0 0 0 1 0 46 84 56 32 27 20 0 0 4 0 0 0 0 1 1 10 1 3 5
0 0 0 0 0 0 0 0 0 0 0 0 0 0 0 0 0 0 0 0 0 0 0 0 0 0 0 0 0 0 0 0 0 0 0 0 0 0 0 0 0 34 5 0 2 1 2 2 7 0 2 1 7 0 0 0 5 87 35 0 0 0 0 0 0 0 1 0 0 1 0 3 0 5 1 0 3 39 57 46 12 0 0 0 0 1 0 0 0 2 0 1 15 0 0 0
0 0 0 0 0 0 0 0 0 0 0 0 0 0 0 0 0 0 0 0 0 0 0 0 0 0 0 0 0 0 0 0 0 0 0 0 0 0 0 0 0 28 1 0 1 6 11 12 2 3 2 3 3 5 2 1 0 12 8 0 0 0 1 0 1 1 1 0 0 0 0 2 0 0 1 0 5 0 2 6 0 1 0 1 6 0 0 0 0 1 0 3 6 0 1 0
