Data/Land Cover 1km/FME_656D6600_1589209169783_10689/temp/lcm2007_aggregate_classes_1km_gb_10.asc
ncols 700
nrows 1300
xllcorner 0
yllcorner 0
cellsize 1000
[rows 820 to 901 of 1300, columns 384 to 479 of 700]
0 0 0 0 0 0 0 0 0 0 0 0 0 0 0 0 0 0 0 0 0 0 0 0 0 0 0 0 0 0 0 0 2 0 0 0 0 3 3 2 0 0 5 0 11 1 0 0 1 5 1 0 2 0 0 22 14 0 9 0 1 0 0 0 0 0 3 0 0 1 0 0 0 0 0 0 0 0 1 0 0 0 0 0 0 0 0 0 0 1 0 0 1 19 6 0
0 0 0 0 0 0 0 1 2 0 0 0 0 0 0 0 0 0 0 0 0 0 0 0 0 0 0 0 0 0 0 0 0 0 0 1 0 1 0 0 0 1 11 4 0 0 0 0 1 1 0 2 0 1 5 13 15 1 3 2 1 0 2 1 0 0 0 0 0 0 0 0 1 1 13 2 4 0 0 2 0 0 0 0 0 0 0 0 0 1 1 0 0 0 0 0
0 0 0 0 0 0 0 0 0 0 4 0 0 0 0 0 0 0 0 0 0 0 0 0 0 0 0 0 0 0 0 0 0 0 0 0 0 1 0 0 0 3 1 1 2 2 0 0 1 0 1 2 0 0 2 2 0 4 0 5 1 0 0 0 0 0 0 0 0 1 0 0 0 0 0 0 0 2 0 0 0 1 1 0 1 0 0 0 0 0 1 0 0 0 0 0
0 0 0 0 0 0 0 0 0 0 0 0 0 0 0 0 0 0 0 0 0 0 0 0 0 1 0 0 0 0 0 0 0 0 0 0 0 0 1 4 0 1 1 1 2 0 2 1 5 9 0 1 1 1 0 0 7 5 12 11 6 0 0 0 0 1 0 0 0 0 1 0 0 1 0 0 0 3 0 0 0 0 0 1 0 1 0 0 0 0 0 2 0 0 0 0
0 0 0 0 0 0 0 0 0 0 0 0 0 0 0 0 0 0 0 0 0 0 0 0 0 0 0 0 0 0 0 0 0 0 0 1 1 0 0 2 0 0 1 0 7 1 2 0 0 13 3 1 2 3 1 4 3 12 13 1 2 2 0 0 0 0 0 3 2 1 0 2 0 0 0 0 0 1 2 1 1 0 16 1 1 3 0 0 0 0 0 0 0 0 0 0
0 0 0 0 0 0 0 0 0 0 0 4 0 0 0 0 0 0 0 0 0 0 0 0 0 0 0 0 0 0 0 0 0 0 0 0 0 0 2 12 0 1 0 0 0 1 0 0 1 0 2 0 1 0 0 4 0 1 0 0 0 4 0 0 0 1 0 1 1 1 0 0 0 0 0 0 0 1 0 0 0 0 1 0 1 14 0 0 3 0 1 0 0 0 0 1
0 0 0 0 0 0 0 0 0 0 0 0 0 0 0 0 0 0 0 0 0 0 0 0 0 3 2 0 0 0 0 0 0 0 0 1 0 0 0 0 0 0 0 1 1 0 2 6 3 0 0 0 0 4 10 0 0 0 1 1 1 1 4 0 0 0 0 0 0 0 0 0 0 0 0 1 1 0 0 0 0 0 0 0 0 0 0 0 0 1 2 11 1 0 0 3
0 0 0 0 0 0 0 0 0 0 0 0 6 3 2 0 0 0 0 0 0 0 0 0 0 0 0 0 0 0 0 0 0 0 0 0 1 4 2 0 0 3 0 0 3 30 29 35 10 0 0 0 1 3 8 0 1 0 2 0 1 0 0 0 0 0 0 0 0 0 0 0 0 0 2 0 0 0 0 0 0 1 0 1 0 0 0 0 0 0 0 1 2 5 46 34
0 0 0 0 0 0 0 0 4 2 0 0 0 1 0 0 0 0 0 0 0 0 0 0 0 0 0 0 0 0 0 0 0 0 0 0 2 0 0 0 3 1 0 1 0 36 73 76 19 4 1 0 0 8 29 1 0 0 0 0 0 0 0 2 0 0 0 0 0 1 1 0 0 2 0 0 0 0 0 0 0 0 0 0 0 0 0 0 0 2 1 1 0 16 69 63
0 0 0 0 0 0 0 1 3 0 1 1 0 0 0 0 0 0 0 0 0 0 0 0 0 0 0 3 2 0 0 0 0 0 0 0 0 0 1 0 0 0 0 2 0 3 52 83 29 1 0 0 1 1 8 0 0 0 0 10 2 0 0 2 3 2 0 1 14 25 0 0 1 1 0 0 0 0 0 0 0 1 3 9 2 0 0 0 0 0 1 0 1 13 4 44
0 0 0 0 0 0 0 0 0 0 0 0 0 0 0 0 0 0 0 0 0 0 0 0 0 0 0 0 1 0 0 0 0 0 0 0 0 0 0 6 3 0 2 1 0 1 32 17 1 0 1 0 0 0 7 1 0 0 0 8 2 0 0 0 1 0 0 3 39 24 0 0 0 0 1 1 0 1 0 1 1 0 0 0 0 0 0 0 0 0 0 0 0 0 0 2
0 0 0 0 0 0 0 0 0 0 0 0 0 2 0 0 0 0 1 0 0 0 0 0 0 0 0 0 0 0 1 0 0 0 0 0 0 0 2 4 3 0 1 9 3 0 0 1 0 1 1 1 2 0 8 3 3 0 1 0 0 0 0 3 1 1 0 0 0 2 2 0 1 0 0 0 0 2 1 0 1 1 0 0 0 0 0 0 1 0 0 0 0 0 0 0
0 0 0 0 0 0 0 0 0 0 0 0 0 3 0 0 0 0 0 0 0 0 0 0 0 0 0 0 0 0 0 0 0 0 0 0 0 0 0 1 4 2 0 1 0 3 2 1 0 0 1 0 0 1 13 20 1 1 1 0 0 1 2 4 3 0 1 0 1 1 0 0 0 1 19 0 0 0 2 1 0 0 0 0 0 1 1 0 6 1 0 0 4 0 0 2
0 0 0 0 0 0 0 0 0 0 0 0 0 0 1 0 0 0 0 0 0 0 0 0 0 1 0 2 1 1 4 1 0 0 1 1 1 0 0 0 4 1 0 0 1 1 3 0 12 4 0 1 1 0 12 52 3 0 0 1 0 0 5 9 0 0 6 1 0 1 0 1 9 1 1 0 1 1 0 0 8 14 0 1 0 0 0 0 0 0 0 0 0 1 0 0
0 0 0 0 0 0 0 0 0 0 0 0 0 1 1 0 0 0 1 0 0 1 0 0 0 0 0 1 1 0 1 25 12 1 2 1 1 4 5 1 0 1 1 0 4 2 0 0 1 0 0 4 1 1 11 24 0 1 2 0 0 0 0 0 3 16 1 1 1 3 2 0 15 0 2 0 0 1 0 0 1 1 1 1 1 0 0 0 1 0 0 1 0 0 0 0
0 0 0 0 0 0 0 0 1 0 0 0 0 20 5 5 15 0 0 0 0 4 1 0 0 0 0 0 0 0 0 2 3 7 2 0 2 0 1 2 0 0 0 2 3 0 4 2 2 1 0 0 0 0 4 4 1 1 0 0 0 0 0 0 0 0 2 17 1 0 0 0 0 0 12 1 0 0 0 2 1 0 0 0 1 0 2 0 0 0 0 0 0 0 0 2
0 0 0 0 0 0 1 0 0 0 0 0 0 2 6 11 14 4 4 0 0 2 0 0 0 0 0 0 0 0 1 0 0 1 0 2 0 0 1 0 2 0 3 4 0 0 2 0 15 0 2 0 0 1 0 1 1 0 0 3 0 0 1 0 5 1 2 2 0 0 1 0 0 1 1 5 5 0 0 0 0 1 0 1 0 1 1 0 0 0 0 0 0 0 0 0
0 0 0 0 1 1 3 0 0 0 0 0 0 0 0 3 0 1 3 0 0 1 0 0 0 0 0 0 0 0 0 0 0 1 0 8 10 0 1 1 0 4 1 0 3 0 1 0 0 2 0 1 4 0 0 0 2 5 0 0 1 0 0 0 6 6 0 0 1 1 1 0 1 0 1 3 0 0 0 1 0 0 0 0 2 0 0 0 0 0 0 0 1 0 0 0
0 0 0 0 1 2 0 0 0 0 0 0 0 0 8 0 0 0 1 2 0 0 1 0 0 0 0 0 0 0 0 2 0 3 0 2 1 0 0 1 0 5 1 2 2 0 0 0 1 0 0 1 0 0 0 0 3 0 0 1 0 1 0 0 16 32 1 1 1 1 0 1 0 1 0 0 0 0 1 17 7 0 2 0 0 2 0 0 0 0 1 0 1 0 1 0
0 0 0 0 0 3 0 0 0 2 1 0 1 2 3 0 0 0 0 1 0 0 0 3 1 0 0 0 0 0 0 1 0 1 0 2 0 1 0 0 1 0 1 0 7 1 1 1 0 1 0 4 1 0 1 0 1 0 1 0 0 0 2 1 1 18 0 1 0 1 0 1 2 1 0 1 1 1 20 38 2 0 0 0 2 1 0 1 1 0 0 1 0 0 0 0
0 0 0 0 0 0 4 0 0 2 0 0 1 2 0 0 0 0 0 0 1 0 1 2 0 0 0 0 0 0 0 1 1 1 1 8 13 5 0 5 9 1 1 0 6 1 0 0 2 3 1 3 0 1 0 1 1 0 0 1 1 0 7 0 0 1 0 2 0 0 3 0 0 0 0 0 2 0 15 25 0 0 2 0 0 1 0 0 0 0 1 0 1 0 0 0
0 0 0 0 1 0 0 1 0 1 0 1 6 1 0 0 0 0 0 0 0 1 1 0 0 0 0 0 0 1 0 1 0 0 3 2 0 1 1 0 1 12 19 1 27 1 1 2 5 17 8 22 0 1 1 0 3 1 0 0 1 0 0 0 0 1 3 2 1 0 5 5 1 0 0 31 65 41 2 4 0 1 4 9 0 3 0 0 0 1 0 0 0 0 0 3
7 8 0 0 2 0 0 0 1 1 0 0 0 0 0 0 0 0 0 0 0 1 0 0 0 0 0 0 0 0 1 2 1 0 2 3 36 1 3 1 3 1 3 2 0 21 65 35 0 8 41 67 15 0 1 6 7 2 0 1 0 1 2 0 1 0 0 1 2 1 0 1 0 1 0 2 80 6 2 1 0 0 2 2 0 0 1 0 0 1 2 0 0 1 0 0
5 29 3 0 0 1 3 1 0 1 3 1 0 1 0 0 0 0 0 0 0 0 2 0 0 0 0 0 0 0 0 0 1 0 1 0 13 5 1 1 1 1 4 25 59 86 90 35 34 18 13 79 45 2 1 0 18 5 13 13 10 2 17 4 1 0 1 1 2 1 0 1 20 15 1 1 15 35 19 2 1 14 12 1 3 1 0 0 0 0 1 0 0 0 0 0
1 3 0 2 1 3 4 0 0 0 23 0 0 0 0 0 0 0 0 0 0 0 0 1 1 0 0 0 0 1 1 0 1 0 0 1 2 0 0 0 0 0 33 11 29 91 96 51 90 53 6 8 28 8 0 0 0 3 12 5 2 1 7 2 3 47 1 1 1 1 1 2 12 5 47 41 23 54 39 5 5 13 1 4 3 2 5 57 0 1 11 0 1 0 0 5
0 1 4 0 0 0 1 0 8 26 3 1 0 0 0 1 1 2 0 1 3 0 0 1 1 0 0 0 0 0 0 0 0 0 1 2 1 2 0 1 1 1 2 1 9 78 56 61 64 14 1 1 5 31 0 1 0 6 0 0 1 1 0 0 2 28 22 3 2 0 0 48 34 27 77 55 12 74 30 0 3 0 0 7 0 0 3 12 0 0 18 3 1 0 0 3
0 2 0 1 0 1 1 3 5 9 1 0 0 3 10 2 31 12 4 0 1 5 5 3 1 1 0 0 0 0 0 1 0 2 0 0 1 1 1 3 0 1 2 0 37 74 85 38 2 3 0 1 4 27 13 0 0 16 2 0 0 1 0 28 10 1 1 0 3 1 0 12 25 27 34 81 89 56 47 3 0 0 0 5 0 0 2 2 0 0 1 11 5 0 0 0
0 2 0 0 2 1 4 2 0 1 2 5 3 7 30 30 5 7 1 6 3 1 1 2 0 0 0 0 0 0 0 0 0 1 1 4 1 0 0 0 0 0 2 0 0 17 20 11 5 6 4 0 12 0 0 0 6 16 1 2 0 23 26 27 2 0 0 6 2 1 2 3 34 88 55 62 92 86 64 9 3 11 30 38 0 0 1 0 0 0 0 0 1 1 1 0
0 0 0 2 3 0 1 0 1 3 1 1 4 42 75 86 14 1 0 0 0 0 0 2 0 3 0 0 1 0 0 1 0 0 1 2 0 1 1 0 0 0 3 0 0 12 39 16 0 1 0 0 12 4 2 1 1 5 0 0 1 10 4 0 0 6 7 0 11 11 5 1 57 95 82 92 95 86 73 80 12 4 1 7 0 1 0 1 8 3 0 0 1 0 0 0
0 2 0 3 2 5 1 5 8 1 2 0 4 3 35 18 1 0 0 0 8 1 5 8 4 0 1 1 3 0 1 0 1 0 0 0 6 1 0 0 4 2 1 0 0 0 1 1 1 1 0 0 9 0 0 2 3 8 0 0 1 1 0 1 1 0 7 0 0 14 10 0 43 70 49 46 73 34 58 14 0 0 0 2 0 2 0 0 14 19 1 1 0 0 1 0
2 6 0 1 1 2 0 1 1 0 0 0 3 25 13 24 0 0 0 1 0 0 15 36 20 5 0 0 4 0 0 0 1 0 0 0 4 0 2 0 1 0 0 0 1 1 0 1 0 0 1 0 0 1 0 25 58 11 1 2 0 0 0 1 0 0 0 0 0 3 0 0 27 84 75 13 31 45 6 0 2 0 1 2 1 0 0 2 5 0 1 4 2 8 2 32
3 0 1 0 1 7 8 1 0 1 0 1 0 0 3 3 23 0 1 3 1 1 1 3 2 5 14 41 27 13 7 2 2 1 0 0 0 2 1 2 1 0 1 1 3 2 1 0 0 0 0 0 1 1 11 66 76 16 5 1 0 0 0 0 0 0 0 0 0 3 0 2 5 11 33 8 4 22 1 1 0 1 0 1 14 15 3 2 0 0 0 1 1 15 33 7
2 0 1 43 55 0 9 0 0 0 0 0 1 0 4 6 1 2 1 0 6 3 4 1 0 2 66 81 86 52 16 13 3 1 0 0 1 0 3 1 0 0 1 9 0 0 1 1 1 1 0 1 0 1 9 11 22 1 0 4 26 0 0 0 1 0 0 0 1 1 2 12 45 11 14 44 18 1 1 0 0 0 2 1 1 10 7 0 0 0 0 0 0 0 11 1
5 0 1 58 40 4 48 13 0 0 1 0 0 0 8 13 5 2 2 50 61 2 0 0 0 0 3 2 0 1 1 13 74 11 12 55 44 10 6 2 0 1 0 0 1 0 1 1 0 1 0 0 1 0 22 10 6 0 6 9 28 41 0 1 0 0 0 2 2 1 1 0 39 2 0 7 5 1 1 0 1 1 0 0 1 0 3 0 1 0 0 0 0 1 2 0
2 0 0 9 8 6 16 0 0 2 8 2 2 0 0 4 26 38 4 9 23 0 0 0 0 0 0 0 0 0 0 12 54 4 5 44 88 30 2 10 22 1 4 2 0 0 0 2 4 0 1 3 2 19 41 7 3 21 58 46 11 1 0 0 0 0 0 0 1 7 1 2 2 1 2 6 1 1 1 0 0 0 0 5 18 0 0 0 1 0 0 1 1 1 5 0
0 0 0 0 4 1 13 0 1 1 0 0 1 2 2 9 61 18 39 56 4 0 0 0 0 0 0 0 0 0 0 1 21 44 24 20 6 10 0 4 17 14 1 2 0 2 2 2 3 3 0 4 18 19 0 3 0 4 26 4 5 1 0 1 3 8 4 0 0 2 2 3 0 2 9 1 0 0 2 0 7 0 0 20 8 0 0 0 0 2 10 8 0 1 0 1
0 0 0 1 3 3 0 1 0 0 0 1 3 17 1 1 18 1 1 1 8 14 1 1 1 0 0 0 0 0 0 1 16 66 10 1 2 1 2 4 18 40 2 0 0 0 1 0 0 0 0 1 30 6 0 0 0 3 22 0 0 0 7 17 58 22 1 0 0 1 5 1 1 3 0 0 0 0 7 7 0 0 0 0 0 2 0 0 0 0 1 7 1 0 2 2
0 8 0 7 17 9 0 0 0 0 3 2 5 2 0 0 0 0 0 2 8 75 56 63 36 12 7 0 1 2 1 2 0 20 71 45 6 12 32 7 1 30 7 1 0 1 3 1 0 1 0 3 2 0 0 1 0 0 21 0 0 3 3 32 25 2 0 0 0 4 0 3 0 6 3 0 0 1 5 19 0 0 0 0 0 1 7 0 0 0 0 0 1 1 1 1
2 4 11 2 15 23 2 2 1 1 1 0 0 0 0 0 0 0 0 5 48 87 98 61 37 28 6 8 1 2 1 2 2 41 68 73 77 49 67 12 0 3 3 1 0 0 0 5 0 0 2 31 24 1 1 0 2 0 5 3 0 5 1 2 0 0 3 0 4 1 0 1 0 0 1 0 0 1 0 0 0 1 0 0 0 1 1 0 1 0 0 0 0 12 2 0
5 3 23 9 66 82 40 9 6 1 0 0 0 0 0 0 1 0 4 1 65 95 53 46 2 35 52 33 39 1 2 11 6 8 9 34 77 60 29 5 26 65 40 12 23 51 43 59 45 9 3 1 1 21 9 2 0 0 1 11 4 0 1 0 1 0 2 8 7 0 1 0 0 0 0 1 8 0 0 0 0 0 1 1 0 0 0 0 0 0 0 0 0 1 3 0
1 55 37 58 58 13 9 7 1 0 0 0 0 0 0 0 0 0 10 13 49 57 14 1 0 1 54 86 33 14 38 88 71 7 24 22 34 50 25 39 65 71 77 61 21 61 85 84 52 7 27 5 0 2 0 1 1 0 1 6 1 0 0 0 2 0 0 9 3 0 0 0 0 0 1 0 1 0 3 0 0 0 0 0 0 0 3 0 0 1 0 0 0 0 0 1
28 68 95 53 2 1 7 11 0 0 0 0 0 0 0 0 0 0 14 40 18 7 6 3 36 7 23 74 11 38 58 85 63 67 21 30 6 9 30 53 83 44 60 33 26 66 97 83 79 1 15 32 2 6 0 1 1 0 0 11 0 1 0 0 0 0 1 4 13 5 1 0 0 1 0 1 1 4 10 0 0 4 4 0 0 2 1 0 0 0 0 0 1 0 0 11
48 85 96 46 2 3 0 2 0 0 0 0 0 0 2 1 4 2 8 45 32 16 3 1 11 0 9 66 59 91 96 88 80 89 87 41 17 13 36 75 56 60 66 53 57 77 91 66 39 26 27 75 20 21 0 18 15 1 1 22 1 0 0 1 0 2 2 5 21 4 0 1 2 26 1 0 0 16 24 5 1 0 0 0 14 0 0 0 0 0 1 4 0 0 0 0
71 75 57 3 6 0 0 0 0 0 0 0 0 0 1 2 0 1 1 21 6 4 48 20 16 35 4 25 23 3 55 75 85 98 88 43 47 20 33 15 26 51 41 76 80 52 87 65 85 91 64 76 58 20 6 7 16 1 0 13 3 2 0 0 2 8 7 13 3 0 0 2 2 0 1 0 0 0 0 5 4 1 1 0 9 0 0 22 1 0 0 0 1 0 0 0
43 82 28 12 4 0 0 0 0 0 0 0 0 0 0 0 0 1 4 17 3 0 7 5 7 27 12 36 62 62 82 73 86 91 80 25 22 53 56 65 89 75 74 87 88 78 85 96 99 65 55 73 77 43 0 0 3 0 1 10 0 1 1 0 6 3 6 4 0 0 1 0 0 4 7 27 0 0 0 3 1 0 7 1 0 0 0 4 2 0 0 0 0 0 0 1
81 93 33 1 5 0 0 0 0 0 0 0 0 0 0 0 0 0 3 21 1 0 15 13 8 3 5 57 57 94 97 98 75 81 93 34 59 81 90 89 92 93 25 76 98 91 97 90 78 64 52 72 93 51 1 6 6 5 8 4 0 0 0 0 2 12 7 18 0 0 2 0 1 1 0 1 1 0 0 40 1 0 0 1 0 0 0 4 2 0 1 0 0 0 0 1
68 46 6 3 3 0 1 0 0 0 0 0 0 0 0 0 0 0 0 0 1 1 16 5 2 16 10 48 74 87 96 99 100 86 89 70 58 72 87 46 54 77 86 87 96 99 99 87 78 66 73 86 80 53 8 13 61 70 4 8 20 0 0 0 10 70 49 54 5 0 0 0 0 0 0 0 15 3 2 34 14 0 0 0 0 4 1 0 0 1 0 0 1 0 1 0
95 88 46 14 1 0 1 0 0 1 0 0 0 0 0 0 0 0 0 0 0 0 1 2 12 26 32 29 38 64 94 96 100 100 99 59 5 37 72 14 11 66 70 77 94 89 97 86 87 36 20 18 15 22 8 43 65 59 1 9 20 0 2 1 3 22 25 29 3 0 0 0 0 0 1 0 47 72 43 4 1 2 14 1 0 1 0 0 0 0 1 0 0 0 0 0
72 13 21 3 4 0 0 0 0 0 0 0 0 0 0 0 0 0 0 0 0 0 1 3 2 6 3 39 62 90 88 93 94 82 89 55 5 3 4 7 21 38 52 92 88 95 86 89 72 50 9 6 1 7 1 1 14 21 3 4 1 11 10 0 4 38 9 6 21 1 0 8 2 20 0 10 60 76 48 4 0 0 9 7 0 0 4 1 0 0 0 1 0 0 1 3
4 4 8 3 2 0 0 0 0 0 0 0 1 0 0 0 0 0 0 0 2 0 0 3 1 38 39 20 81 92 93 95 87 72 89 84 6 4 3 2 16 1 12 74 83 91 81 75 91 37 8 1 3 8 53 0 12 84 21 2 1 0 5 6 2 2 9 0 1 1 22 20 1 30 2 27 42 13 0 0 0 1 1 41 2 0 0 0 0 0 2 1 1 0 1 2
0 2 3 8 1 0 0 0 0 0 0 0 1 0 1 3 0 0 0 0 1 1 16 47 19 46 18 4 39 86 86 91 28 50 25 47 37 9 17 17 53 11 44 52 76 37 24 70 39 37 29 21 32 7 11 3 30 11 2 1 0 1 3 13 3 1 24 3 2 1 0 0 0 7 0 1 0 0 0 1 0 1 0 0 1 1 3 3 1 0 0 11 20 0 1 2
0 0 0 6 0 0 0 0 0 0 0 0 4 8 7 3 4 0 0 0 2 22 37 61 42 5 7 19 40 26 36 90 68 60 3 20 42 18 50 12 60 56 85 21 20 31 56 78 15 32 82 42 59 10 2 0 32 17 3 4 0 0 0 13 3 4 13 3 0 0 1 0 0 0 2 7 0 0 3 0 8 4 5 1 9 3 0 4 1 1 32 49 0 0 2 0
0 0 0 0 6 0 0 0 0 0 0 1 0 1 26 37 1 0 0 1 0 5 21 77 27 4 5 44 13 7 8 74 24 32 22 15 39 7 30 62 27 59 88 59 7 53 61 10 51 11 29 3 9 4 10 19 13 13 19 1 0 5 3 21 5 2 0 1 0 1 1 0 0 0 0 1 0 0 0 0 0 13 67 0 0 0 0 0 0 0 30 10 1 1 0 1
0 0 1 0 0 8 19 7 0 0 0 0 5 10 3 12 20 35 6 7 5 5 34 57 78 29 11 37 15 10 22 74 20 25 59 9 55 24 80 62 0 37 55 55 34 32 18 25 45 32 1 4 1 1 3 22 10 0 18 38 6 34 16 30 8 3 0 0 0 2 1 0 1 0 2 0 1 0 0 0 11 21 26 6 0 0 1 0 0 1 5 9 7 1 0 2
5 0 0 12 2 0 0 3 21 16 0 1 2 0 0 0 18 35 10 25 11 16 51 88 88 96 15 12 64 36 56 10 28 30 97 32 49 17 51 40 15 12 3 42 65 35 44 14 11 22 18 27 10 6 13 6 11 59 94 69 64 82 20 38 37 8 3 1 5 8 1 7 0 0 1 1 1 0 1 0 8 7 0 0 0 0 1 0 18 1 4 3 28 0 0 5
0 0 2 0 0 2 1 1 7 57 55 12 9 1 0 0 6 1 3 16 12 21 74 92 95 83 27 10 11 47 68 8 25 48 64 30 37 59 62 68 79 30 19 22 23 4 20 66 61 64 55 19 0 9 56 51 48 55 58 87 46 60 26 52 45 7 16 1 2 1 0 17 9 33 11 0 1 0 43 0 28 8 0 0 1 2 0 0 1 47 95 54 9 0 2 1
5 0 25 33 0 1 0 0 8 18 3 2 2 0 0 2 5 0 1 5 36 77 54 42 55 85 20 41 9 46 77 21 8 12 11 16 91 86 83 85 72 58 23 1 2 8 4 51 51 33 11 1 3 61 33 62 57 12 9 26 17 28 54 35 69 80 68 22 3 4 0 15 26 5 10 7 0 0 5 1 15 0 0 0 14 1 2 5 26 68 86 11 0 0 1 3
14 7 45 45 1 0 0 0 2 26 0 0 0 1 0 0 1 1 0 3 19 12 5 5 35 53 15 18 10 28 96 73 35 9 2 32 34 21 54 83 73 65 32 19 0 12 27 63 67 34 34 1 0 9 73 84 14 3 24 0 25 72 82 17 20 23 20 7 0 4 3 17 2 1 6 1 0 3 3 5 25 0 0 0 24 4 2 2 6 18 41 3 5 14 0 0
34 48 26 23 10 1 0 0 7 23 1 0 1 0 0 0 0 0 2 3 13 6 6 4 43 50 56 91 16 82 64 16 16 15 24 26 43 2 29 63 91 63 50 78 30 7 45 58 78 84 77 1 7 4 65 8 1 4 20 1 58 93 81 10 13 1 1 4 0 6 0 1 3 0 1 12 2 1 0 15 27 8 4 2 3 4 10 0 0 0 1 1 4 3 0 0
0 2 5 4 1 19 0 0 0 5 2 0 0 0 0 0 0 0 0 10 18 16 3 8 15 46 76 70 16 36 38 35 58 54 18 71 75 47 71 65 76 22 6 82 80 27 70 76 91 99 53 0 1 1 1 16 5 37 55 15 15 73 37 3 26 2 4 2 5 0 0 1 2 0 1 2 7 9 0 0 0 0 4 0 1 0 2 0 0 0 0 1 0 0 0 0
6 0 0 2 20 3 3 0 0 0 6 0 0 0 0 0 0 0 7 24 18 11 8 12 26 19 34 42 4 22 67 68 72 15 1 13 69 30 20 34 55 20 19 29 69 28 56 67 51 75 66 11 5 2 24 13 1 13 49 30 1 0 1 2 8 6 1 1 6 3 0 0 0 1 1 2 0 17 11 0 0 0 0 0 0 0 0 0 0 0 0 0 0 1 0 0
0 0 0 3 50 2 0 1 0 6 31 3 0 0 0 0 0 1 6 23 0 1 1 2 5 30 33 64 62 59 85 64 69 14 25 17 3 2 1 8 49 59 2 40 48 79 53 6 33 38 49 7 4 45 16 6 1 0 0 1 9 4 0 0 1 0 0 1 0 2 1 0 2 0 0 1 0 1 0 0 0 0 0 0 0 0 0 0 0 0 0 0 0 0 1 0
0 5 0 8 38 3 2 7 8 15 33 2 0 0 0 0 0 0 0 2 0 0 1 8 16 4 35 73 93 79 95 66 58 44 18 1 1 1 2 0 1 2 25 15 12 23 37 42 13 35 57 40 6 14 30 1 11 0 0 2 25 12 0 0 1 2 0 0 0 1 0 1 1 0 0 0 0 0 1 0 1 0 0 0 0 1 0 0 0 0 0 0 0 0 0 0
0 6 1 2 18 4 4 36 43 76 37 1 1 0 0 0 0 1 1 2 1 4 6 8 3 22 56 53 72 77 97 79 75 82 16 3 0 0 4 0 3 10 10 29 6 3 27 56 34 51 10 27 3 0 0 4 1 5 19 57 25 3 0 5 1 1 0 2 3 0 0 3 0 0 0 1 0 0 2 0 0 0 0 0 4 6 1 0 0 0 0 0 0 0 0 0
7 3 3 18 62 51 31 72 66 36 2 0 0 0 0 2 9 4 6 0 0 0 0 0 0 24 54 59 65 88 60 27 58 43 34 24 9 1 14 1 15 7 5 2 1 1 15 38 20 8 0 4 0 0 1 0 4 44 0 7 3 4 10 2 0 0 5 0 0 3 30 15 1 0 0 1 0 0 0 0 0 0 0 0 6 66 6 0 0 0 0 0 1 1 0 0
5 44 71 71 70 83 80 38 19 11 9 5 4 2 5 3 0 0 0 0 1 0 0 24 34 28 25 13 48 48 38 11 8 8 22 10 2 1 0 10 4 0 1 2 1 2 10 16 2 5 0 0 1 0 42 34 0 38 20 6 1 0 11 0 2 0 5 1 0 0 22 2 1 1 0 1 1 0 0 0 0 0 0 5 40 27 0 0 0 0 0 3 0 0 0 0
0 14 69 55 80 98 90 80 37 26 13 0 0 0 0 0 0 0 0 0 0 0 2 16 21 19 2 5 30 35 2 0 2 2 11 38 7 0 4 2 20 4 1 0 5 5 5 1 3 0 10 6 4 0 9 7 0 0 43 41 2 1 9 39 27 13 2 2 0 0 12 20 43 24 0 0 1 0 1 0 5 19 0 27 84 52 0 0 0 0 0 0 7 42 1 0
1 9 69 46 64 93 96 59 76 50 15 6 5 0 0 0 0 0 0 0 2 10 3 2 1 0 0 6 20 27 29 1 3 3 4 18 3 1 1 1 10 2 1 0 2 8 3 1 1 0 2 15 10 11 2 5 12 4 59 35 2 1 1 31 19 0 0 1 0 0 1 10 2 1 1 0 0 0 0 1 11 8 1 1 50 43 1 0 0 0 0 0 8 50 0 0
34 48 23 51 95 90 72 44 52 51 24 4 1 1 0 0 0 0 1 1 33 23 0 0 1 28 6 10 2 70 28 10 0 0 0 19 14 2 2 5 1 22 8 1 0 7 10 6 7 0 1 55 71 26 10 23 21 12 3 1 4 46 50 66 22 1 0 0 1 2 1 2 0 0 0 0 0 0 0 1 71 20 11 5 2 0 0 0 0 0 0 0 2 6 6 0
95 99 82 40 88 38 57 25 11 16 22 0 0 6 0 0 0 0 1 0 2 0 0 0 0 47 65 1 0 2 8 21 2 1 3 20 8 2 31 59 24 38 5 0 0 2 29 27 80 37 17 0 34 19 6 42 10 13 2 10 57 62 57 48 1 1 3 1 45 61 35 1 0 1 0 3 0 0 0 0 28 21 2 8 1 0 0 1 0 1 0 0 0 0 5 0
54 55 56 12 43 17 3 33 49 88 85 10 0 1 0 0 1 0 0 0 0 0 0 0 1 0 1 0 0 14 45 38 5 0 8 31 1 6 2 13 4 2 0 1 0 9 51 39 27 37 81 53 54 6 32 30 9 23 2 0 0 2 13 9 0 0 0 0 2 11 62 13 0 0 1 1 25 43 11 1 18 83 44 9 2 0 0 0 0 2 1 0 0 0 2 0
20 20 11 7 40 19 9 85 17 76 33 16 1 1 12 1 7 0 1 0 0 0 0 0 0 1 0 0 8 17 40 14 25 2 0 1 12 9 31 24 2 1 0 4 13 0 6 47 11 1 28 73 54 45 47 22 5 26 0 1 0 0 1 1 4 0 0 4 36 63 22 6 12 1 0 2 8 21 22 0 23 42 2 20 4 1 0 5 0 2 4 32 22 0 1 0
20 36 60 49 52 27 20 81 95 48 49 51 0 1 19 8 18 2 0 0 0 0 0 0 4 0 0 0 11 23 17 24 12 0 0 0 4 0 2 8 1 2 1 3 20 0 3 31 74 85 53 74 58 38 2 17 1 9 6 0 0 2 0 1 1 0 2 8 8 50 29 2 17 10 6 0 31 76 33 1 29 1 5 0 0 0 0 0 0 0 4 8 16 14 20 0
18 64 78 92 62 49 77 84 59 86 74 16 3 1 18 20 6 0 0 0 0 0 0 0 0 0 0 6 11 2 6 2 14 0 1 1 0 7 1 2 1 1 6 3 5 5 0 8 61 88 96 41 24 24 4 5 0 4 10 28 5 21 22 0 1 0 1 0 0 20 21 25 56 30 8 2 66 56 30 1 1 0 0 3 22 2 0 0 0 1 0 0 1 3 35 0
26 33 56 76 88 71 82 100 90 97 90 74 34 1 1 28 18 0 1 0 0 0 0 0 0 0 2 1 0 0 6 3 0 3 1 2 5 5 2 0 1 3 0 2 20 10 22 65 34 46 81 54 84 50 32 3 7 9 6 2 21 77 43 1 1 0 0 4 0 2 34 78 72 3 20 84 58 39 58 40 28 3 1 1 35 0 0 0 0 0 0 1 5 0 5 0
71 70 77 80 85 48 87 98 92 82 68 82 53 33 35 51 10 2 3 0 0 0 0 0 0 0 0 0 0 1 4 0 1 9 23 1 2 1 2 4 12 7 6 0 3 25 0 22 24 4 28 55 46 6 27 6 39 65 9 5 3 48 41 0 0 0 0 0 0 0 40 78 67 32 93 94 58 13 74 54 15 0 1 0 0 0 0 0 0 0 0 0 2 24 5 1
43 59 88 48 79 89 92 89 95 59 41 26 7 5 22 8 8 0 0 0 0 0 0 0 0 0 0 0 0 0 0 1 0 1 0 0 3 4 20 22 57 22 1 0 1 2 0 4 3 5 9 43 9 1 29 53 29 2 0 0 11 68 7 1 22 0 0 0 0 1 0 48 51 95 65 78 26 0 1 11 0 0 0 0 0 0 2 7 0 0 0 1 4 18 50 4
94 85 39 60 88 89 88 83 39 44 4 1 22 64 14 0 0 0 0 0 0 0 0 0 0 0 0 0 0 0 0 0 0 0 0 0 0 3 4 1 52 25 7 8 0 0 1 2 0 5 15 2 8 0 22 56 62 17 2 0 36 62 4 5 19 0 0 0 1 36 34 23 79 90 75 52 56 25 4 0 8 0 0 0 0 0 0 1 0 0 0 0 0 2 0 0
89 79 86 80 71 84 73 25 11 36 25 2 1 34 18 0 0 0 0 1 0 0 0 0 0 0 0 0 0 0 0 0 0 0 2 1 0 0 0 0 5 0 2 1 9 6 3 0 0 4 29 5 29 30 25 25 34 54 49 11 44 23 1 1 2 0 2 0 1 15 12 39 80 80 88 34 97 78 41 22 24 18 0 0 0 0 0 0 0 1 0 0 1 0 0 0
85 72 83 76 96 81 25 14 48 78 68 60 11 13 34 2 0 0 0 0 0 0 0 0 0 0 0 0 0 0 0 0 0 0 0 0 0 6 0 0 1 0 2 0 3 9 2 0 1 15 37 30 71 68 52 2 10 18 21 80 64 53 55 84 70 9 0 2 0 1 73 83 70 26 30 7 44 65 63 4 1 16 3 20 0 0 0 0 0 0 1 10 5 8 0 0
95 90 90 61 59 53 25 41 58 99 92 61 42 54 9 0 2 1 0 0 0 0 0 3 0 0 0 1 0 0 0 0 0 0 0 0 0 0 0 6 4 14 4 0 2 4 6 1 4 43 10 9 6 14 12 1 1 0 1 37 88 77 79 32 30 73 31 21 7 17 35 15 36 10 0 1 5 5 9 2 9 65 36 45 0 0 1 0 1 0 31 47 14 27 3 0
100 98 85 96 91 64 90 68 79 93 78 92 78 48 0 0 0 0 0 0 0 0 1 1 0 0 1 0 0 0 0 0 0 0 0 0 0 0 0 0 0 16 75 55 16 7 2 3 2 3 2 11 5 2 10 1 3 5 0 0 25 70 36 0 0 18 77 62 21 63 35 0 4 3 0 0 39 50 60 2 0 43 31 4 0 0 1 0 0 0 0 0 0 5 0 0
