Data/Land Cover 1km/FME_656D6600_1589209169783_10689/temp/lcm2007_aggregate_classes_1km_gb_1.asc
ncols 700
nrows 1300
xllcorner 0
yllcorner 0
cellsize 1000
[rows 972 to 1052 of 1300, columns 288 to 383 of 700]
1 2 1 3 0 0 0 0 0 0 0 0 0 1 0 2 5 0 0 0 0 2 11 1 3 1 0 7 3 1 3 0 1 0 2 0 0 0 5 1 0 1 0 1 13 1 6 5 3 0 0 0 0 0 1 2 1 0 2 1 0 1 0 0 1 2 4 18 2 20 28 14 3 0 3 0 0 0 1 11 7 0 0 9 0 17 1 5 0 0 0 0 1 4 1 0
0 3 7 0 0 0 0 0 0 0 0 0 0 2 17 5 5 0 4 5 1 4 1 6 1 2 0 1 0 1 5 0 8 3 3 1 3 2 6 1 5 3 0 0 8 7 0 2 6 2 3 0 2 0 1 5 5 10 0 0 2 3 1 1 0 0 10 6 3 1 13 1 8 7 19 2 0 0 0 1 1 1 0 5 2 2 6 6 0 0 0 0 0 0 4 0
0 0 0 2 0 0 0 1 1 0 0 0 0 0 9 7 12 6 3 1 1 2 0 1 1 0 1 1 4 0 4 5 12 0 4 24 1 8 3 8 2 4 0 0 1 0 0 1 9 5 0 0 0 0 0 0 6 0 0 0 1 5 1 0 0 0 1 2 9 1 0 1 6 4 7 5 1 0 0 0 0 0 10 8 2 0 1 0 0 1 9 2 1 3 4 9
0 0 0 1 0 0 0 0 11 0 0 0 0 0 3 2 2 0 5 1 1 1 0 0 2 2 4 3 5 7 13 13 17 4 2 2 6 10 21 15 2 0 0 0 0 0 1 7 2 0 2 2 1 0 0 0 0 0 1 0 4 1 0 3 0 5 0 1 0 3 0 1 6 0 6 1 4 0 0 0 1 0 0 0 0 3 3 1 2 1 8 4 4 1 8 16
0 0 0 0 0 0 0 0 2 3 0 1 0 0 0 0 0 1 5 0 1 1 11 4 2 11 10 7 9 7 7 16 4 3 3 6 0 0 30 38 0 0 1 0 0 1 5 0 2 11 2 2 1 0 0 0 1 0 0 1 0 0 3 11 4 2 19 0 11 7 2 5 0 0 3 1 0 0 0 0 8 10 8 7 0 21 3 1 5 4 1 6 11 2 6 8
0 0 0 0 0 0 4 19 2 3 4 0 0 0 0 1 3 4 4 2 7 3 4 9 4 1 2 1 1 11 3 5 0 0 18 5 3 1 24 14 1 0 1 0 0 1 1 0 1 11 4 5 1 5 0 1 1 2 0 2 11 1 5 8 8 13 0 3 2 1 0 4 0 2 4 1 0 1 2 4 2 8 2 33 11 0 0 1 1 0 1 25 17 8 4 2
0 0 1 0 0 0 0 0 0 6 6 8 1 2 3 1 0 5 1 2 6 0 1 7 12 20 1 4 7 3 7 1 3 3 4 5 4 2 9 3 0 1 2 0 2 8 0 0 1 9 2 2 1 1 0 2 0 2 5 0 8 5 4 6 8 0 3 0 1 2 9 1 0 0 0 2 0 1 2 8 11 4 15 7 1 7 3 1 4 2 4 10 7 5 0 0
0 0 2 0 0 0 0 0 0 0 0 3 3 9 3 1 0 2 0 4 4 1 4 2 3 13 4 18 9 4 1 0 0 7 1 1 1 0 0 6 1 0 1 0 0 1 3 2 4 8 0 8 0 0 3 8 0 4 16 1 3 14 3 1 0 0 5 0 0 2 4 0 0 0 0 1 0 0 3 3 2 0 2 0 0 10 3 1 19 25 7 7 2 1 2 2
0 0 5 0 0 0 0 0 0 0 0 0 1 4 19 13 1 0 1 1 0 1 1 15 6 3 5 10 9 1 2 1 2 2 1 1 4 9 1 1 1 0 1 0 0 4 1 14 5 0 2 1 1 1 0 6 0 1 6 1 0 11 21 1 0 3 3 0 0 0 0 0 0 1 4 0 0 2 1 0 2 0 0 0 0 0 2 3 21 6 6 9 16 0 7 1
1 3 9 4 0 0 0 0 0 0 0 1 4 4 17 4 1 0 0 2 3 7 4 11 2 11 10 17 5 3 22 11 0 3 4 1 1 1 0 0 0 0 0 0 0 0 4 7 7 0 0 1 0 4 4 2 4 11 6 6 1 1 3 13 0 0 0 7 0 0 1 0 0 1 0 0 0 13 10 0 1 0 3 1 4 3 0 0 0 3 1 1 0 1 3 8
3 4 0 0 0 0 1 2 0 0 0 1 5 4 2 4 5 1 6 0 5 3 4 1 7 7 11 5 4 7 16 2 2 3 6 1 1 5 1 0 1 0 0 0 0 0 0 1 0 0 0 0 0 0 8 2 3 5 7 5 2 0 0 6 1 1 6 27 0 8 7 0 0 0 1 1 14 31 0 0 0 5 10 2 0 3 0 1 8 3 4 0 0 0 5 3
5 4 1 0 0 0 0 2 0 0 0 0 10 10 1 2 1 5 4 2 1 5 8 0 11 19 9 11 5 3 7 0 1 0 0 2 6 0 1 1 1 0 0 0 0 0 0 9 0 6 2 15 0 0 1 7 13 1 2 5 12 4 0 4 4 6 1 0 1 0 6 14 0 3 2 0 4 2 0 5 11 20 11 0 0 4 0 7 0 2 1 2 6 25 4 1
5 0 0 0 0 0 0 0 0 3 5 4 3 10 0 5 1 14 0 1 2 3 7 2 3 17 11 2 5 16 2 3 2 2 1 2 0 0 0 0 0 0 0 3 0 0 0 0 1 5 6 3 2 0 1 4 1 5 1 23 12 6 0 0 6 0 10 5 0 9 0 0 6 2 0 1 8 0 0 0 1 4 0 0 0 1 4 6 6 0 3 4 0 1 1 7
0 0 0 0 0 0 1 0 0 6 0 0 0 2 1 2 7 7 1 3 0 7 17 14 1 16 27 14 11 3 4 6 9 1 1 0 0 3 0 0 5 30 7 15 16 8 0 9 1 0 3 2 0 0 3 1 3 0 5 2 9 5 0 1 5 13 26 8 2 1 0 0 0 0 1 1 2 4 1 1 0 2 0 0 3 6 40 13 1 1 1 8 0 1 0 1
1 0 3 1 0 0 5 3 0 1 1 1 0 6 1 0 14 5 0 10 11 22 18 2 9 4 15 9 9 11 9 1 2 1 13 0 0 1 0 0 11 5 5 1 0 7 5 15 10 0 0 1 1 14 2 2 4 0 5 3 2 0 0 1 2 16 5 1 0 0 0 0 3 3 2 1 2 9 1 1 4 0 0 15 5 4 10 16 0 0 2 0 0 1 4 0
11 12 20 3 0 0 3 7 11 1 0 5 2 1 0 2 7 2 11 8 5 6 11 1 3 5 6 5 9 6 0 1 1 21 25 0 3 2 0 0 11 45 2 1 4 3 0 11 1 1 2 0 0 1 2 3 4 0 0 1 0 0 0 2 1 1 0 0 2 0 0 2 3 0 0 5 2 2 5 0 0 0 6 18 2 3 7 0 0 1 8 14 3 0 3 2
5 14 2 0 0 0 0 2 15 4 1 1 1 0 2 13 1 3 13 14 6 3 3 17 17 0 1 11 4 7 5 6 16 10 1 0 23 0 4 0 14 2 8 0 0 0 0 6 1 1 1 0 0 2 4 3 5 2 0 2 6 0 4 0 7 7 1 0 0 2 0 1 0 2 0 0 0 0 5 3 4 12 16 23 1 0 0 5 3 1 11 9 2 0 10 1
0 6 0 0 0 0 0 0 0 0 0 7 1 0 3 1 7 3 10 0 1 0 0 13 1 8 1 19 19 11 23 14 20 12 0 7 24 0 6 2 2 4 3 2 5 1 0 0 0 1 2 0 0 1 4 0 1 2 0 0 3 1 1 0 3 11 10 45 10 5 1 0 0 2 1 2 21 3 2 7 9 2 8 10 1 2 1 1 3 1 4 8 3 15 11 2
1 0 0 0 0 0 0 0 0 0 0 1 1 8 1 1 4 9 3 3 7 5 8 2 8 13 7 27 11 5 4 17 32 2 1 1 11 0 3 4 0 2 2 5 3 0 1 0 6 1 1 0 0 0 1 1 0 3 10 3 0 0 0 0 4 1 2 14 0 1 1 0 0 2 0 31 65 63 12 7 4 3 12 6 4 3 0 1 3 1 6 27 10 11 10 3
0 0 0 1 0 0 0 0 0 0 0 0 13 4 2 0 3 7 1 1 0 3 2 4 1 1 5 4 2 9 12 24 4 0 2 1 0 0 11 11 0 0 3 9 7 5 6 4 12 1 0 0 3 1 2 8 1 2 0 2 0 8 16 1 2 2 1 2 0 0 2 0 0 15 20 63 26 37 21 2 3 8 9 2 3 8 2 1 4 4 9 9 1 1 17 9
1 1 0 0 0 0 0 1 0 0 2 3 4 3 0 1 4 8 7 8 5 0 2 7 3 2 1 5 13 6 15 15 6 8 7 0 0 1 15 6 0 7 1 15 5 3 0 1 0 2 0 0 1 2 2 1 0 0 1 0 0 3 11 1 4 1 0 3 0 1 3 0 0 27 58 33 6 7 3 16 3 20 24 26 0 1 2 5 1 10 5 4 0 0 5 11
0 1 0 2 13 0 0 0 0 0 0 4 2 0 0 1 7 5 4 16 3 11 5 5 1 8 7 1 1 7 11 22 31 25 5 0 3 7 3 0 7 5 1 7 8 0 0 1 0 0 0 1 0 1 3 0 0 0 8 0 0 0 3 1 3 9 2 4 0 0 2 1 0 26 17 8 0 9 6 8 18 18 3 15 7 5 5 0 3 24 20 19 1 1 1 12
2 7 6 2 0 0 0 2 0 0 0 4 2 0 0 1 1 0 0 4 5 4 8 1 7 9 5 10 0 3 14 26 29 7 2 7 7 10 7 0 9 9 15 6 1 2 0 1 0 0 4 7 9 29 4 0 0 0 0 0 5 11 0 0 0 9 13 5 3 1 4 3 7 15 28 22 14 23 37 37 33 21 22 15 0 0 4 0 1 9 15 0 1 2 1 1
4 2 6 7 0 0 0 0 0 0 0 0 0 4 2 4 1 0 1 1 0 0 0 4 4 11 0 5 8 7 16 10 7 2 2 1 11 10 7 2 4 2 1 0 0 1 0 0 1 2 13 27 11 19 0 3 0 2 1 3 4 17 0 1 4 4 2 3 1 5 2 3 2 7 12 1 5 18 17 24 10 9 8 3 0 0 2 0 13 16 19 2 2 1 1 4
10 2 7 8 0 0 0 0 0 0 0 3 1 0 1 1 3 4 5 5 2 1 0 9 1 14 16 11 1 7 5 4 10 0 2 7 10 23 2 13 1 0 0 0 0 6 3 14 0 1 26 7 1 2 2 2 6 0 4 1 1 0 0 6 15 5 2 20 7 0 0 0 8 38 35 19 40 38 44 38 53 35 7 1 0 0 3 5 14 3 0 0 1 1 2 4
7 3 1 15 3 0 0 0 0 0 0 0 0 0 0 1 3 2 4 4 0 5 5 1 2 10 7 20 7 0 9 4 0 1 6 0 1 7 4 5 0 3 9 2 1 9 5 12 4 12 16 7 1 1 4 6 0 28 1 0 3 1 8 3 3 1 3 8 2 2 27 0 12 41 16 44 33 9 11 15 29 42 8 2 0 0 0 3 4 1 17 0 1 1 2 8
2 2 3 11 30 7 3 0 0 0 0 0 0 0 0 1 8 0 0 6 5 8 5 9 1 0 2 18 14 3 3 6 0 1 0 1 5 1 1 0 1 5 4 7 1 5 22 9 6 22 15 18 13 4 4 3 16 11 4 8 2 2 1 0 0 36 24 13 8 2 2 0 3 10 20 12 0 0 19 7 4 6 38 16 0 0 0 3 2 2 33 3 17 21 21 11
7 3 0 0 19 6 3 1 0 7 0 0 0 0 0 4 1 0 2 2 11 9 1 3 1 5 14 7 19 27 7 2 2 1 1 0 3 1 0 1 1 3 8 2 2 19 6 16 11 2 35 22 2 2 2 4 14 5 0 1 2 0 0 0 12 20 11 3 4 6 3 2 15 10 9 0 0 1 8 9 0 2 12 16 0 0 1 17 1 3 7 14 26 23 25 4
9 8 0 4 5 2 0 1 2 12 0 7 0 2 0 0 0 1 1 2 8 2 0 1 6 7 13 19 14 7 7 3 0 2 4 0 0 1 1 20 5 2 5 0 2 1 7 6 4 0 12 6 0 2 0 1 12 9 5 0 1 0 3 2 6 0 7 2 0 5 2 5 11 5 2 1 0 3 16 7 5 22 49 6 7 1 1 9 12 11 10 16 2 1 0 1
12 17 0 0 1 6 2 1 7 2 1 0 0 0 5 3 0 0 2 10 4 3 4 5 2 3 5 6 4 3 8 0 1 0 2 0 0 0 0 24 1 0 0 0 0 0 0 1 0 12 3 2 0 0 1 4 18 6 4 1 1 1 6 2 15 11 11 1 2 3 18 22 1 0 0 3 3 11 18 6 7 9 35 9 20 1 19 6 8 0 0 1 5 1 0 1
4 5 0 0 0 0 16 1 14 13 9 1 1 0 0 0 1 6 1 3 39 9 4 1 4 6 5 6 11 12 7 1 1 7 0 3 0 0 1 16 2 1 0 3 0 8 2 1 0 2 1 1 2 0 0 2 3 4 6 2 2 1 8 3 2 6 6 1 0 16 25 0 0 0 0 2 4 25 6 10 2 29 14 8 21 0 0 3 12 0 4 24 7 1 0 6
2 1 0 0 0 0 1 1 6 6 4 7 6 0 0 0 2 0 16 27 9 3 5 0 10 3 2 6 33 7 9 2 2 8 8 17 1 4 0 12 1 1 0 2 9 5 1 0 0 1 2 5 2 0 0 0 0 0 5 0 4 5 0 0 0 9 1 3 11 14 3 3 0 13 2 5 1 26 10 4 15 0 11 15 25 2 0 9 1 4 20 12 0 4 1 0
10 0 0 0 0 0 1 4 4 0 8 10 6 4 1 4 3 11 6 4 0 2 6 1 6 9 0 22 11 5 5 1 4 3 1 9 10 13 1 6 1 1 0 0 2 2 14 3 0 3 4 0 0 0 0 0 0 4 6 4 4 0 0 0 3 8 4 14 22 4 0 0 2 29 11 1 1 3 7 9 0 1 1 23 15 8 26 5 1 1 0 0 2 0 0 0
0 0 0 0 0 0 0 0 0 1 5 10 15 5 3 13 2 2 3 5 1 5 5 7 8 9 10 13 11 1 1 8 5 1 3 1 1 0 0 3 3 8 1 6 3 5 30 2 0 4 1 2 1 0 0 0 1 9 5 10 2 4 2 1 2 1 3 15 14 4 2 3 14 1 9 2 0 2 4 3 1 5 7 4 9 11 1 7 4 2 14 2 2 0 3 0
1 0 0 0 0 0 0 0 0 1 3 0 3 0 0 0 2 0 17 19 2 1 1 2 11 15 0 0 11 6 2 0 3 3 2 0 1 0 0 0 3 4 3 1 10 2 9 1 0 0 1 1 0 0 0 0 22 8 17 6 2 9 1 1 0 1 6 7 3 0 0 1 3 5 4 5 4 2 15 14 0 1 0 1 14 7 4 0 1 8 6 12 11 0 3 3
1 0 0 6 2 3 0 0 1 1 2 4 3 0 0 0 0 0 7 5 8 0 6 7 15 5 1 4 14 7 3 0 0 5 1 2 1 10 2 0 0 0 1 1 6 2 2 0 0 3 2 0 0 0 0 1 14 24 9 8 0 2 8 0 5 13 10 2 3 2 0 5 7 1 13 9 5 1 0 28 1 3 0 7 5 18 20 3 15 3 7 2 7 2 1 3
1 3 0 12 19 6 2 6 9 4 0 1 0 0 2 0 0 5 0 6 4 10 3 1 3 6 4 9 2 0 2 0 4 0 0 1 2 7 1 9 15 3 0 4 3 0 1 1 0 2 1 0 0 0 0 4 15 0 2 10 2 5 2 2 20 15 11 0 1 0 0 8 5 18 5 10 1 2 2 2 11 5 0 8 3 12 18 0 7 2 1 8 6 3 0 6
0 0 0 28 42 23 5 1 3 0 0 1 0 10 3 0 9 2 4 6 2 0 1 11 3 10 15 2 3 1 0 0 0 6 2 10 5 11 7 1 3 0 5 2 0 1 0 2 3 4 1 9 4 11 2 2 10 4 6 6 1 3 7 25 26 7 9 0 0 1 7 1 14 3 0 0 2 1 2 8 0 10 35 10 0 2 3 2 0 2 10 6 1 1 1 29
0 0 0 8 2 0 1 0 3 5 19 7 7 3 3 4 6 2 4 8 9 13 8 3 2 2 4 5 1 2 6 5 0 10 2 2 1 1 2 2 2 1 0 2 0 2 0 0 0 3 0 6 12 9 6 4 16 6 10 4 5 10 12 29 16 2 3 1 0 0 2 1 3 2 2 1 0 5 3 4 4 1 2 31 13 7 9 2 2 0 5 2 1 7 0 8
0 0 0 1 0 0 0 4 1 20 10 1 4 16 1 14 2 1 4 14 9 5 8 3 10 7 5 11 20 6 4 4 1 2 0 0 2 1 1 6 3 0 1 2 1 2 1 1 8 2 6 0 14 22 15 0 6 4 1 0 24 15 6 7 21 3 0 3 7 4 6 10 4 36 2 3 0 1 8 5 13 3 16 1 0 12 11 7 2 5 4 1 4 3 3 5
0 2 6 7 1 4 2 0 1 2 5 3 2 20 10 7 0 2 10 23 20 7 0 3 1 5 6 2 7 4 1 0 0 0 0 0 0 1 4 13 0 8 7 3 2 2 4 3 5 3 12 14 15 29 2 9 2 0 13 37 18 21 1 0 0 0 0 0 5 0 3 17 7 7 8 5 1 16 7 9 0 0 7 16 5 11 17 3 6 4 9 0 4 6 16 3
0 0 7 6 2 6 8 4 1 0 1 1 7 13 10 5 0 1 12 9 8 6 3 5 0 1 9 2 0 0 0 0 0 0 1 0 0 0 4 5 3 1 2 0 0 2 5 0 4 23 33 21 23 9 3 1 0 7 20 8 7 25 3 1 0 2 1 4 4 3 1 4 24 7 4 3 0 0 0 6 7 9 7 19 1 0 9 15 2 9 8 5 4 17 4 4
0 1 1 4 7 13 13 30 3 5 2 0 5 11 0 0 0 3 2 5 1 1 3 2 2 1 0 1 0 1 1 0 2 0 1 1 0 1 1 0 0 10 7 2 1 3 11 1 0 2 2 7 27 11 6 0 8 13 8 17 0 0 1 0 0 1 8 4 0 0 2 9 26 10 4 6 1 4 4 4 2 6 0 23 4 2 21 14 3 15 3 7 5 34 20 8
5 15 18 10 3 18 8 1 0 1 8 13 4 16 0 0 0 0 1 0 5 0 3 0 0 1 4 1 0 0 0 1 8 0 0 6 0 8 2 1 1 2 9 14 16 5 9 2 5 9 10 3 14 0 2 4 23 1 10 14 0 1 0 0 0 3 2 2 6 0 0 7 11 10 1 5 0 5 6 2 2 1 31 10 23 0 21 6 1 2 16 11 16 5 1 2
0 7 3 0 4 3 1 2 4 9 9 13 13 20 11 0 2 0 0 0 0 0 0 0 0 0 3 1 9 0 0 0 8 4 0 7 11 1 5 1 5 0 24 28 6 8 10 11 1 13 8 4 8 0 0 0 5 4 1 10 0 0 1 0 2 1 4 6 9 1 2 4 6 1 2 3 1 2 0 0 0 14 47 20 22 11 18 18 2 3 5 2 3 12 18 52
0 1 0 1 6 7 6 3 1 3 3 1 14 15 0 0 1 0 0 1 1 0 0 0 0 1 11 6 6 1 0 0 1 6 3 5 10 3 1 1 0 0 0 2 9 1 2 0 0 25 13 9 0 1 11 3 9 1 1 5 0 0 0 0 14 2 1 1 1 0 0 4 6 8 1 1 0 1 0 0 3 5 61 21 0 23 12 13 4 7 1 10 44 9 51 16
0 0 0 1 7 6 10 12 4 1 3 1 21 2 0 0 0 0 0 8 4 1 2 0 0 0 1 10 4 0 2 3 4 4 6 11 15 3 3 2 0 0 1 1 0 0 4 0 0 13 3 0 0 3 21 4 38 1 1 0 1 1 0 12 18 1 0 3 0 2 5 1 1 5 5 1 0 3 3 2 5 7 18 5 13 16 22 6 0 9 4 8 35 17 15 0
0 0 0 0 0 7 3 4 17 3 6 4 0 0 0 0 1 0 0 0 2 0 0 0 0 0 4 13 20 2 1 4 0 1 1 0 0 0 0 1 1 1 2 18 11 15 25 0 0 3 2 1 0 4 16 23 21 0 1 0 1 0 7 1 4 11 4 7 5 2 0 3 4 4 2 5 14 7 7 4 0 5 14 2 4 3 9 14 7 7 14 12 10 10 14 4
3 0 0 0 1 0 2 2 0 1 5 11 0 1 0 0 1 0 0 0 6 1 2 0 0 0 0 20 1 0 3 5 1 0 12 1 1 0 1 1 2 3 3 22 5 19 4 4 1 2 0 0 0 11 5 15 4 7 0 1 0 0 5 7 4 20 0 6 1 0 1 0 7 32 14 15 19 8 3 0 4 7 14 3 6 19 22 11 33 32 3 11 34 14 13 24
0 0 4 0 3 0 2 0 0 0 2 2 4 11 2 4 2 0 0 0 6 1 4 9 1 0 1 3 2 1 6 2 7 14 8 11 1 0 0 11 1 0 0 2 3 6 4 2 2 0 1 6 7 5 22 17 8 1 0 0 0 0 5 17 15 7 5 1 1 8 1 0 1 5 5 4 23 2 2 2 0 2 18 1 0 28 65 6 31 27 3 16 14 4 20 17
0 0 0 1 0 0 0 3 6 10 0 0 2 10 1 0 1 0 0 0 0 6 1 4 0 0 0 0 0 0 0 0 0 10 1 21 11 2 5 10 1 1 8 5 0 8 1 3 2 1 2 0 3 17 10 28 2 1 9 8 2 1 0 5 16 5 0 1 2 7 4 0 0 0 1 13 5 1 4 2 3 1 31 16 19 26 47 66 26 30 15 42 18 4 7 2
0 2 0 0 0 0 0 2 13 15 0 0 0 0 3 0 4 4 1 0 0 1 2 0 0 4 1 0 0 0 5 2 9 17 3 9 14 4 1 2 0 2 3 23 5 26 2 6 1 4 5 0 1 23 5 13 12 2 11 17 11 1 0 2 0 0 2 3 0 1 1 0 0 1 1 5 2 1 1 2 8 9 19 45 60 18 51 88 78 43 15 3 4 1 1 0
0 4 0 0 0 0 0 0 22 7 0 0 0 0 8 0 0 0 5 4 8 3 3 0 0 2 0 0 0 0 0 1 1 0 1 0 10 16 4 2 0 0 4 2 1 3 6 9 9 0 0 1 0 28 9 5 7 10 25 13 6 6 5 1 0 0 6 2 0 3 2 0 1 0 0 7 2 0 0 3 28 41 23 50 14 47 53 86 63 9 8 4 23 11 3 5
0 0 0 0 0 0 0 0 0 0 0 0 0 0 2 0 0 1 3 1 3 7 4 0 0 1 0 1 0 0 0 0 0 5 5 25 15 1 1 0 6 3 8 0 18 8 12 1 5 1 0 2 1 21 11 10 32 17 5 15 2 18 20 2 1 3 7 1 0 4 10 14 4 1 0 6 2 6 6 9 38 33 16 34 14 48 33 24 25 12 17 10 16 17 22 8
0 0 0 0 4 1 0 0 0 2 0 0 0 0 1 0 1 0 4 3 5 2 3 1 3 1 0 0 0 0 1 2 2 2 3 7 5 3 4 10 9 26 11 6 14 9 10 1 33 5 1 2 0 2 7 20 8 8 8 23 20 17 5 3 1 7 6 4 0 4 2 17 11 1 3 8 1 9 12 7 0 7 2 5 6 17 2 16 52 21 21 5 22 1 21 12
0 0 0 0 0 0 7 0 8 15 0 0 15 0 2 6 1 0 7 0 21 2 3 0 1 1 0 8 0 7 5 0 9 6 2 0 0 1 2 14 11 19 13 9 12 6 3 8 1 0 2 0 0 3 7 9 16 17 11 1 7 15 1 2 9 12 4 1 0 2 5 4 1 3 22 19 1 8 15 41 18 12 7 6 1 3 8 9 5 10 7 5 0 4 5 2
0 0 0 0 0 0 7 5 8 2 0 0 0 0 0 2 1 7 17 11 15 11 11 0 0 0 0 0 1 3 13 5 8 7 2 5 0 0 13 9 8 7 3 5 13 6 12 21 3 1 1 1 2 2 1 1 7 4 25 9 13 12 14 5 3 3 12 2 2 1 2 0 5 5 11 19 10 17 16 29 6 8 3 13 2 1 4 5 10 1 32 20 7 1 12 4
0 0 0 0 0 5 4 0 0 1 1 5 0 2 0 0 5 0 1 11 6 3 12 3 0 0 0 0 6 5 1 5 3 3 5 6 6 0 3 11 0 2 0 3 4 0 16 35 0 0 4 20 2 0 0 1 2 25 8 3 10 1 13 1 2 0 2 1 5 6 1 0 8 4 9 7 10 20 4 21 27 4 30 3 0 0 1 16 11 5 19 11 7 5 17 8
0 0 0 0 0 0 14 5 11 11 1 4 1 3 4 9 0 0 7 17 3 15 12 0 4 2 4 4 0 3 0 2 6 1 0 2 6 0 0 1 0 0 1 0 1 6 1 13 2 5 14 27 18 1 0 3 12 16 7 19 0 0 0 1 1 1 1 5 5 8 2 2 5 2 3 2 6 13 1 11 8 13 35 13 12 3 7 19 2 11 1 2 2 8 6 2
0 3 3 0 0 1 4 22 12 2 0 0 11 10 0 4 0 5 0 5 0 0 5 8 2 4 4 6 4 1 0 2 4 3 3 6 2 0 6 1 0 5 5 2 1 2 13 5 2 10 8 34 43 4 0 12 27 33 27 32 2 0 0 2 0 2 5 7 2 5 2 3 6 20 3 6 6 5 12 6 0 3 15 23 31 11 3 5 8 25 1 3 8 7 8 18
0 0 9 12 4 4 9 25 1 4 4 2 10 3 0 1 2 5 6 4 4 3 4 0 1 4 1 13 9 3 0 1 5 1 10 29 8 4 0 2 6 2 5 7 21 11 7 9 0 7 8 8 33 5 0 3 17 31 21 7 0 2 4 1 1 0 8 6 7 15 8 1 6 9 6 2 14 7 21 23 24 14 3 4 25 10 18 21 37 18 16 3 7 11 3 6
0 0 0 3 1 9 4 0 2 19 0 0 2 2 1 4 4 5 15 6 12 7 13 4 1 0 1 7 11 1 7 2 4 1 3 3 1 0 0 6 10 15 2 7 23 11 35 27 6 18 8 16 1 11 19 19 20 34 13 0 0 2 4 1 0 3 5 4 7 11 2 0 3 1 6 0 9 14 5 3 35 18 9 3 17 40 25 38 23 8 10 14 47 28 0 3
0 0 6 12 0 6 7 7 5 8 12 2 14 5 6 2 12 8 1 0 2 3 16 2 0 0 1 1 0 3 1 0 7 7 5 2 2 2 1 2 3 1 5 15 6 5 8 4 10 18 14 10 30 12 17 29 6 24 0 2 2 1 2 4 18 10 1 2 4 5 3 4 14 2 13 13 13 2 3 3 3 33 4 6 17 26 18 8 9 7 10 4 40 24 0 0
0 6 20 10 8 31 21 15 19 11 15 3 1 3 3 12 9 2 4 6 6 8 7 8 0 1 4 0 0 0 0 0 1 3 1 0 0 1 0 5 14 8 2 3 1 2 7 3 14 15 17 26 4 3 14 19 0 7 0 1 1 0 1 6 33 1 1 2 8 4 2 6 1 5 3 19 22 10 0 8 3 18 16 10 4 25 18 19 4 13 6 6 5 14 0 0
0 2 1 8 8 5 17 21 3 3 2 1 6 8 0 7 0 0 4 1 12 6 10 1 0 2 3 4 0 0 0 0 3 2 0 0 1 12 5 5 10 10 10 12 0 0 1 3 7 11 18 7 8 4 4 6 9 7 21 1 0 0 12 9 3 0 8 8 1 14 7 4 19 3 6 11 10 6 9 6 1 3 9 30 4 7 18 11 3 1 2 5 9 6 6 3
0 1 1 13 0 0 0 0 3 26 11 8 8 1 3 9 0 6 5 11 9 7 0 4 1 7 1 0 0 0 0 0 2 2 0 0 0 5 5 9 17 35 19 6 12 8 8 4 6 0 6 7 11 3 0 5 3 3 1 1 0 0 5 9 4 2 7 4 4 1 5 5 10 5 8 6 3 6 13 2 1 9 2 17 44 10 24 7 5 4 15 43 1 7 2 12
0 2 6 2 0 0 0 0 0 2 0 0 14 8 4 2 3 4 3 0 15 8 0 3 2 0 3 0 0 0 1 0 0 0 0 1 2 0 1 9 29 6 3 39 7 10 6 9 1 2 2 0 4 0 0 0 0 1 4 2 0 1 6 18 1 0 2 11 12 0 2 2 3 8 19 13 8 5 2 1 1 5 2 0 33 17 20 5 2 1 3 26 20 1 1 10
0 0 0 0 0 0 0 0 0 0 2 8 11 3 10 2 6 6 21 6 9 3 3 4 0 0 0 5 0 0 2 2 0 0 2 3 1 5 3 4 17 9 30 6 0 1 1 13 3 1 0 1 14 4 5 2 1 0 0 2 0 0 0 9 2 0 0 0 5 6 3 4 1 1 6 16 4 3 11 5 7 15 12 3 13 6 7 2 7 1 12 2 43 1 3 1
0 0 0 0 0 0 0 0 0 0 0 2 1 10 1 13 5 2 4 0 0 0 0 1 0 0 0 1 0 0 4 1 0 0 1 1 15 4 16 1 5 1 5 5 5 11 15 22 1 0 0 1 0 2 4 4 0 0 0 0 0 0 5 5 10 1 1 4 10 5 5 12 3 4 1 13 2 0 0 1 4 11 13 3 9 10 21 4 5 0 7 1 1 0 10 2
0 0 0 0 0 0 0 2 2 1 2 9 19 5 3 11 2 3 8 10 1 0 0 2 0 1 1 8 0 1 0 0 0 3 4 1 3 2 18 5 1 16 3 1 6 2 8 0 2 2 1 1 5 4 4 1 3 2 1 0 0 0 5 4 1 6 0 3 2 5 2 3 6 1 3 9 15 5 0 2 23 10 10 23 19 10 25 6 13 6 1 1 13 3 1 17
0 0 0 0 0 0 0 12 0 4 13 14 13 11 12 7 5 6 10 2 0 0 4 3 4 1 11 7 0 0 1 0 1 3 2 2 8 6 9 5 1 0 1 9 10 10 2 2 0 1 4 1 0 7 7 2 1 1 0 0 2 3 0 1 1 2 4 35 8 4 0 3 6 4 0 13 12 11 4 2 25 24 17 20 14 27 14 8 12 1 3 6 1 0 2 15
0 0 0 0 0 4 3 2 3 5 1 13 17 12 11 2 5 7 14 2 0 0 11 7 1 1 2 4 0 0 0 0 1 8 13 4 6 11 0 7 19 4 1 5 30 8 2 1 0 3 0 0 0 0 2 1 0 0 0 1 0 4 2 1 3 4 6 8 3 1 0 0 4 6 2 18 6 2 23 12 26 13 9 5 12 39 13 8 9 3 1 3 1 3 2 6
0 0 0 0 0 11 2 1 4 8 3 12 9 4 1 9 6 10 1 6 3 2 5 0 5 3 1 0 0 0 0 1 0 3 3 0 1 0 0 4 12 10 2 19 7 0 2 1 8 8 1 4 10 4 0 1 2 1 0 1 5 2 0 6 0 1 5 0 5 13 7 2 8 7 1 6 7 0 8 18 23 28 6 4 6 15 8 4 2 5 0 2 1 7 0 0
0 3 0 0 11 5 10 4 5 2 2 4 8 5 3 9 5 6 0 5 5 1 3 0 2 0 0 0 0 0 0 1 1 5 4 2 3 6 4 6 2 0 6 2 1 0 1 1 7 7 5 4 3 2 1 0 5 2 0 0 4 3 8 8 4 10 1 0 0 0 7 0 0 3 4 1 1 2 2 10 21 17 13 19 20 41 12 12 3 1 4 1 8 2 0 4
7 6 11 3 5 6 4 8 4 13 8 7 4 9 4 7 3 2 1 7 10 5 3 1 2 1 0 1 0 0 0 1 4 13 3 1 3 16 10 6 2 1 0 4 6 2 1 3 3 1 0 0 0 3 1 0 1 2 4 4 15 2 6 16 12 13 3 5 3 1 2 0 3 1 3 0 2 3 1 2 0 5 7 7 8 39 9 3 0 2 3 2 1 4 1 2
7 38 17 8 11 1 7 3 6 1 3 5 6 2 8 2 10 3 8 2 3 2 6 3 4 0 15 1 0 0 1 1 0 0 0 0 3 2 2 1 3 1 2 20 13 3 1 0 13 11 2 0 0 1 3 1 3 11 22 7 3 19 21 31 13 16 9 7 25 6 1 1 0 0 1 0 2 4 13 11 4 6 12 5 8 18 5 6 7 1 4 7 10 9 4 1
0 21 14 9 0 1 12 4 1 9 8 1 2 2 5 5 3 6 3 7 0 0 0 3 10 1 3 0 0 1 10 1 4 7 0 1 2 3 4 6 24 7 1 6 12 1 0 2 6 11 0 0 2 0 16 10 1 14 11 7 29 29 63 61 19 9 1 5 12 20 5 5 5 2 2 6 1 8 6 0 6 1 10 6 5 5 49 28 3 0 1 4 5 1 2 1
0 3 3 2 4 3 15 8 0 7 7 13 5 4 8 6 1 7 4 13 0 0 4 0 4 0 1 0 1 3 5 0 1 1 5 15 5 10 0 3 21 2 1 11 1 7 16 0 2 11 1 3 2 3 2 1 1 9 8 10 15 48 37 1 4 4 0 0 10 22 6 14 7 5 3 4 2 1 5 1 6 1 4 3 5 18 40 29 0 3 2 18 6 1 1 0
1 3 3 4 5 13 10 10 6 14 13 21 5 14 6 5 3 7 5 0 0 18 5 1 3 2 1 0 2 0 0 3 3 4 14 6 1 3 2 4 6 2 3 1 9 1 4 4 11 18 6 8 16 2 0 8 5 16 0 22 69 35 0 0 2 0 3 3 1 0 0 4 2 2 6 7 4 2 8 4 5 7 1 17 9 28 41 32 3 2 2 1 5 1 2 1
4 0 0 0 2 1 11 6 5 11 6 3 3 4 24 9 15 4 1 3 7 11 7 5 1 0 0 1 3 8 5 11 9 5 0 1 4 11 29 24 3 12 4 1 5 1 3 1 1 1 2 39 21 9 13 30 15 0 4 2 0 0 0 0 1 0 1 2 3 0 0 15 0 1 1 1 7 1 0 13 5 0 0 12 2 15 46 21 6 0 0 4 1 9 24 11
1 0 0 0 0 2 11 1 16 6 1 5 10 3 23 4 8 0 15 17 14 7 0 0 0 0 0 0 0 1 1 5 3 0 3 14 20 25 22 4 2 2 2 0 0 0 1 0 0 0 2 21 32 17 7 19 23 11 19 0 0 1 0 1 0 1 0 0 1 4 1 0 1 0 0 3 1 6 1 16 13 9 12 7 1 5 6 38 20 3 5 5 3 15 4 16
