Data/Land Cover 1km/FME_656D6600_1589209169783_10689/temp/lcm2007_aggregate_classes_1km_gb_2.asc
ncols 700
nrows 1300
xllcorner 0
yllcorner 0
cellsize 1000
[rows 560 to 639 of 1300, columns 192 to 287 of 700]
20 99 98 94 94 81 1 0 0 0 0 0 19 85 39 22 0 0 0 0 0 0 0 0 0 0 0 0 0 0 0 0 6 0 0 0 51 60 4 0 0 0 0 0 0 0 0 0 0 0 0 0 0 0 0 0 0 0 0 0 0 0 0 0 0 0 0 0 0 0 0 0 0 3 1 1 0 0 1 0 0 0 0 0 0 0 0 0 0 0 2 0 2 0 0 0
89 92 21 0 52 61 11 0 0 0 0 0 27 73 0 0 0 0 0 0 0 0 0 0 4 0 0 0 0 0 0 1 8 0 0 0 54 53 3 0 0 0 2 0 0 0 1 0 0 0 0 0 0 0 0 0 0 0 0 0 0 0 0 0 0 0 0 0 0 0 0 0 0 0 5 0 0 0 3 1 9 2 0 0 0 0 0 0 0 0 0 0 2 1 4 0
30 51 0 0 1 5 11 0 0 1 1 0 21 21 0 0 0 0 0 0 0 0 0 0 1 0 0 0 0 0 0 0 0 0 4 51 59 31 6 1 0 0 0 0 0 0 0 0 0 0 0 0 0 0 0 0 0 0 0 0 0 0 0 0 0 0 0 0 0 3 12 4 0 0 0 0 0 0 0 0 3 2 0 0 0 0 0 0 0 0 0 0 0 0 2 0
1 3 1 0 0 0 0 0 0 0 0 0 0 0 0 0 0 0 0 1 0 0 0 0 0 0 0 0 0 0 7 73 59 48 80 80 18 0 76 8 0 1 0 0 0 0 0 0 0 0 0 0 0 0 0 0 0 0 0 0 0 0 0 0 0 0 0 0 1 10 27 1 1 0 0 0 6 0 0 0 0 0 0 0 0 0 0 0 0 0 0 0 0 0 4 2
2 1 1 0 0 0 0 0 0 0 0 0 0 0 0 0 0 0 0 0 0 0 0 0 0 0 0 0 0 0 0 30 83 99 84 89 39 0 39 66 3 1 0 0 0 0 0 0 0 0 0 4 0 0 2 0 0 1 0 0 2 0 4 1 0 4 0 1 3 20 0 0 0 0 0 0 0 0 0 0 0 0 0 0 0 0 0 0 0 0 0 0 0 0 0 0
5 5 2 0 1 0 1 0 0 0 0 0 0 0 0 0 0 0 0 0 0 0 0 0 0 0 3 0 0 8 21 45 73 52 53 12 0 0 1 64 8 0 0 0 0 0 0 0 0 0 0 0 0 0 0 0 0 0 0 0 0 0 4 13 3 12 7 0 0 7 0 0 0 0 0 0 0 0 0 0 0 0 0 0 0 0 0 0 0 1 1 0 0 0 0 0
0 0 0 12 13 7 1 0 2 0 0 6 13 0 0 0 0 0 0 0 0 0 0 0 0 0 5 0 6 79 82 98 98 15 19 0 0 0 0 6 3 0 0 0 0 0 0 0 0 0 0 0 0 0 0 0 0 0 0 0 0 0 0 8 0 2 2 24 75 39 2 0 0 2 0 0 0 0 0 0 0 0 0 3 0 0 0 3 0 4 1 0 0 0 0 0
0 0 1 37 42 11 4 1 0 2 10 73 28 0 0 0 0 0 0 0 0 0 0 0 2 19 0 0 13 66 57 100 98 25 0 0 7 58 60 4 46 0 0 0 0 0 0 0 0 0 0 0 0 0 0 0 0 0 0 0 0 0 0 14 37 31 51 98 100 13 0 0 0 6 0 0 0 0 0 0 0 0 0 0 0 0 0 1 0 0 0 0 0 0 0 0
0 0 4 89 86 39 0 1 3 0 23 95 14 0 0 0 0 0 0 0 0 0 1 0 19 17 0 0 0 35 2 80 71 44 15 49 81 78 78 75 72 45 0 0 0 0 0 0 0 0 0 0 0 0 0 0 0 0 0 0 0 0 0 15 65 92 93 100 46 24 0 0 0 0 0 0 0 0 0 0 0 0 0 0 0 0 0 0 0 0 0 0 0 0 0 0
0 8 3 61 87 59 0 0 0 25 52 78 31 0 0 0 0 0 0 0 0 0 27 8 0 0 0 0 0 2 14 53 60 95 83 46 46 7 28 31 41 72 12 0 0 0 0 0 0 0 0 0 0 0 0 0 0 0 0 1 7 4 37 78 98 96 81 43 0 0 0 0 0 0 0 0 0 0 0 0 0 0 0 0 0 0 0 0 0 0 0 0 0 0 0 0
74 15 39 91 93 38 0 3 9 35 47 15 1 0 0 0 0 0 0 0 0 0 11 0 0 0 0 0 0 22 24 2 56 60 32 0 2 38 62 87 96 36 3 5 0 0 0 0 0 0 0 0 1 0 0 0 0 0 2 6 15 35 88 83 83 24 15 1 0 0 0 0 0 0 0 0 0 0 0 0 2 0 0 0 0 0 0 0 0 0 0 0 0 0 0 0
31 75 54 69 42 9 0 29 42 28 78 24 13 0 0 0 0 0 0 0 0 0 12 0 0 0 0 0 53 77 0 10 42 11 0 0 0 12 19 23 12 19 29 5 0 12 9 0 0 0 0 7 18 0 0 1 0 13 0 13 18 62 56 51 31 0 0 0 0 0 0 0 0 0 0 0 0 0 0 0 0 0 0 0 0 0 0 0 0 0 0 0 0 0 0 1
0 0 12 18 2 0 0 0 17 26 42 67 31 0 0 0 0 0 0 0 1 25 41 5 12 8 35 33 51 84 69 64 97 42 0 0 0 0 0 24 53 14 0 41 41 12 76 0 0 13 23 43 40 27 19 0 0 0 3 6 0 0 0 35 14 0 0 0 0 0 1 0 0 0 0 0 0 0 0 0 0 0 1 0 0 0 0 0 0 0 0 0 0 0 0 0
0 0 0 0 0 0 0 0 0 0 0 17 18 0 0 7 0 0 1 1 62 100 89 93 84 31 7 75 88 70 81 37 28 0 0 0 0 0 0 10 82 58 0 44 95 30 47 3 11 14 26 53 27 64 34 0 0 0 0 0 0 0 0 0 0 0 0 0 0 0 0 0 0 0 0 0 0 0 6 36 0 0 3 0 0 0 0 0 0 3 6 0 0 0 0 0
0 0 0 0 0 2 19 84 18 0 0 0 0 0 8 3 2 0 1 1 30 53 88 51 2 0 33 80 89 88 88 16 0 0 0 0 0 0 0 1 99 35 8 83 91 75 16 5 42 21 11 6 0 31 29 0 0 0 0 0 0 0 0 0 0 0 0 0 0 2 1 0 2 0 0 6 30 2 6 71 87 27 0 0 0 39 0 0 0 0 56 4 1 0 4 0
0 0 0 0 0 49 82 44 22 13 0 10 10 83 98 44 53 5 0 1 31 84 68 52 0 0 0 10 3 62 45 8 0 0 0 0 0 0 0 0 45 5 13 70 9 15 65 42 5 46 0 0 0 0 0 0 0 0 0 0 2 0 0 0 0 1 3 28 27 0 13 30 41 47 1 0 16 26 2 12 66 45 13 0 2 5 41 13 10 43 89 18 3 0 0 3
1 0 0 0 0 0 36 58 37 40 0 4 4 62 64 9 2 0 0 1 1 85 100 98 8 0 0 0 22 56 0 0 0 0 0 0 0 0 0 0 0 0 0 0 0 50 49 69 9 2 0 0 0 0 0 35 4 0 0 18 71 9 0 0 0 2 6 1 3 1 2 1 9 11 4 25 20 26 1 14 34 40 8 5 22 26 29 46 0 5 27 1 2 0 7 52
15 0 0 0 0 0 0 46 63 65 32 1 1 2 5 3 0 0 31 66 70 25 57 18 0 0 0 0 0 10 0 0 0 0 0 0 0 0 0 0 0 0 0 0 0 2 1 0 0 0 0 0 0 0 9 70 1 13 23 0 73 55 0 0 28 32 42 22 4 0 4 1 0 0 0 0 0 16 41 60 57 65 42 11 0 15 16 2 0 14 5 0 9 0 4 1
65 0 0 0 0 0 0 0 73 29 9 16 0 0 3 18 0 1 77 85 28 1 0 0 0 0 0 0 0 0 0 0 0 0 0 0 0 0 0 0 0 0 0 0 0 0 0 0 0 0 0 0 0 0 15 83 32 27 54 13 56 76 12 46 76 38 86 80 0 0 0 0 0 0 0 0 0 0 62 5 12 59 30 46 4 1 3 2 0 0 3 2 5 0 0 0
5 0 0 0 0 0 0 0 21 23 0 0 2 20 67 73 79 71 40 8 0 0 0 0 0 0 0 0 0 0 0 3 0 0 2 0 0 2 0 0 0 0 0 0 0 0 0 0 0 0 0 0 0 0 2 69 4 7 34 24 11 2 6 10 40 83 64 72 7 0 0 0 0 0 0 1 6 58 37 2 0 6 14 36 9 0 2 39 25 15 1 3 8 0 1 1
0 0 0 25 54 59 14 33 36 0 0 0 0 42 100 100 94 98 32 0 0 0 0 0 18 8 1 0 0 0 0 0 0 0 0 0 0 0 0 0 1 0 0 0 0 0 0 0 0 0 0 0 0 0 3 24 31 46 66 65 75 53 67 64 67 51 89 80 24 0 0 0 0 0 0 6 0 0 0 1 0 0 0 21 21 12 18 33 77 87 66 16 20 2 1 7
0 0 2 74 93 68 61 48 24 0 0 0 0 65 98 83 65 76 7 0 0 0 0 2 61 60 3 0 0 0 1 4 1 1 7 1 0 1 30 4 0 0 0 0 0 0 0 0 0 0 0 0 5 25 53 58 37 27 4 0 59 52 17 86 67 83 58 81 8 0 0 0 0 0 0 0 0 0 1 0 0 0 0 2 8 0 20 67 11 57 30 47 21 10 7 4
44 0 0 3 74 78 71 17 0 0 0 0 0 8 4 2 7 1 28 33 0 0 0 38 55 9 29 2 0 0 2 64 68 12 0 0 2 2 4 0 0 0 0 0 0 0 0 0 0 0 0 51 46 89 30 0 0 0 1 2 0 0 3 76 60 84 30 57 9 0 0 0 0 0 0 0 4 0 0 0 0 1 0 0 0 4 1 1 11 26 28 25 9 0 2 6
77 37 0 66 92 100 93 38 0 0 0 0 0 0 0 0 0 61 94 39 0 0 0 60 90 89 63 7 1 2 12 11 0 0 0 0 5 36 29 1 0 0 0 0 0 0 0 0 1 0 0 54 23 78 52 0 0 0 0 0 0 1 22 65 85 91 14 0 0 0 0 0 0 0 0 0 1 6 1 2 0 0 0 0 0 1 0 0 0 7 5 4 21 20 18 1
94 61 0 52 95 75 92 54 1 4 12 16 0 0 0 0 3 90 99 18 0 1 68 100 89 51 1 0 30 6 28 1 0 2 0 14 33 14 0 6 3 0 0 0 0 0 0 0 0 0 0 44 31 90 8 0 0 0 0 0 0 8 65 44 72 67 14 1 0 0 0 0 0 0 0 0 4 6 0 0 1 0 0 0 0 0 0 0 0 0 1 7 2 2 2 2
17 9 21 53 93 67 69 17 0 37 95 47 0 0 0 0 15 67 24 1 0 29 99 99 75 9 0 0 41 14 1 2 0 7 9 80 11 0 0 0 1 0 0 0 0 0 0 0 0 0 0 14 13 9 0 0 0 0 0 0 0 42 90 77 33 64 39 8 0 0 0 0 0 0 0 13 16 0 0 0 2 10 0 0 0 0 0 0 0 0 4 18 8 0 40 17
61 89 58 85 52 6 11 14 9 40 6 0 0 0 7 55 73 76 35 2 21 75 99 98 95 40 0 1 18 0 3 0 1 46 67 35 0 0 0 0 0 0 0 0 0 0 5 3 0 0 0 0 0 0 0 0 0 0 0 0 0 3 16 61 72 42 49 42 12 0 0 0 0 0 0 0 0 1 0 0 0 4 0 0 0 0 0 0 59 45 20 51 69 29 6 0
45 71 84 79 49 0 18 50 1 0 0 0 3 34 66 65 45 11 0 22 45 97 100 96 97 59 0 8 0 0 0 0 0 1 9 0 0 0 0 0 0 2 0 0 0 0 0 1 1 0 0 0 0 0 0 0 0 0 0 0 0 0 0 13 1 16 39 50 68 68 0 0 0 0 0 0 0 7 2 0 0 0 0 0 0 0 0 0 13 44 29 57 27 9 6 5
89 83 99 93 54 0 7 24 0 0 0 0 26 90 79 16 23 23 4 3 35 89 95 78 46 0 4 10 0 0 0 0 0 12 0 0 0 0 0 0 0 2 0 0 0 0 0 0 0 0 0 0 0 0 0 0 0 0 0 0 0 0 0 0 0 32 49 66 19 30 0 0 0 0 0 0 0 0 0 0 0 0 0 0 0 0 0 0 1 21 2 0 4 2 1 4
78 96 98 93 33 25 63 76 0 0 0 0 0 2 1 57 52 59 18 10 69 62 92 29 0 11 13 0 0 0 0 0 0 0 0 0 0 0 0 0 0 0 0 0 0 0 0 0 9 0 9 23 0 0 7 8 3 0 0 3 0 0 0 0 0 32 34 64 20 0 0 0 6 0 0 0 0 0 0 0 0 0 0 0 0 4 69 46 12 48 28 1 0 4 4 3
78 92 98 37 9 84 100 93 24 0 39 39 43 1 8 89 79 10 0 31 29 23 16 9 48 52 14 61 55 49 35 20 0 0 0 0 0 11 5 15 6 0 2 2 2 1 0 0 4 0 1 3 0 0 0 1 16 1 0 35 3 0 0 0 0 33 53 63 2 18 7 5 44 0 0 0 0 0 0 0 0 0 0 0 71 36 87 90 45 18 27 10 11 0 1 5
98 98 38 4 81 100 73 9 0 16 83 95 85 67 58 66 23 0 0 2 0 7 4 22 91 50 0 21 4 10 20 9 0 0 1 49 41 50 67 96 19 0 26 0 0 0 0 0 3 23 0 0 0 0 0 2 4 35 2 38 47 0 1 0 0 9 63 42 27 4 28 9 26 0 0 0 0 0 0 0 8 48 60 4 72 75 39 60 12 8 33 3 10 2 5 0
80 35 14 5 87 100 81 18 28 90 88 86 90 75 87 97 28 1 0 2 38 46 17 37 89 47 0 0 0 0 3 2 0 0 6 1 0 12 64 96 55 0 8 0 0 0 0 4 36 65 7 0 0 0 0 0 1 2 45 80 53 9 8 0 25 13 39 44 14 15 4 2 20 9 12 0 3 27 4 4 1 37 42 50 12 17 8 0 8 0 0 0 0 0 7 13
4 31 78 69 91 98 96 37 69 88 74 68 55 83 95 53 4 0 0 23 72 49 1 51 54 85 56 36 71 58 58 42 7 0 0 0 0 37 50 63 74 0 0 0 0 2 2 14 60 46 40 0 0 0 0 0 6 51 24 13 16 4 1 4 43 20 0 3 35 91 35 7 22 20 29 26 14 78 60 40 46 0 16 53 16 6 45 6 0 0 0 0 0 0 10 32
68 95 78 93 87 98 100 96 75 42 6 40 77 41 35 10 0 1 8 62 60 24 16 38 12 4 24 73 22 14 6 45 66 1 0 0 13 50 49 46 62 0 39 0 0 0 0 0 39 50 30 18 5 2 1 15 43 85 88 49 82 60 34 36 13 8 20 66 24 94 78 35 27 58 28 34 3 59 17 57 74 16 4 99 53 37 6 3 10 1 8 16 0 0 5 2
94 87 47 55 60 96 98 80 7 17 62 80 55 39 79 14 0 16 63 34 0 61 99 67 10 14 63 64 2 0 0 7 77 41 58 26 55 5 43 26 4 27 52 0 1 5 1 0 0 32 42 63 40 23 0 2 2 70 39 58 29 68 56 83 61 89 91 26 21 93 96 64 10 9 10 37 9 27 13 27 13 7 34 33 69 61 5 8 26 0 5 5 0 5 7 0
16 6 0 0 78 93 66 20 31 85 43 38 99 67 96 21 0 10 11 0 18 99 68 48 2 2 37 5 21 0 12 19 3 24 71 61 9 12 0 0 13 7 46 0 0 0 0 3 61 25 84 59 86 80 49 21 0 6 36 27 36 80 93 77 45 33 19 61 29 33 92 71 45 9 1 9 19 44 27 40 19 29 42 1 0 1 1 4 10 13 10 0 20 0 0 0
0 0 0 3 69 26 65 89 87 38 18 77 91 98 72 1 2 4 0 22 79 56 72 72 4 3 41 3 20 45 86 22 17 10 80 3 3 0 0 0 6 0 57 1 0 0 0 0 42 88 73 40 38 38 31 22 7 44 46 46 66 71 51 60 11 3 12 23 7 3 12 8 7 9 0 3 2 14 12 4 42 15 16 0 0 3 16 8 23 79 38 0 0 0 0 0
7 0 0 10 49 66 92 73 91 29 84 73 95 88 17 0 2 4 3 69 38 0 27 59 1 51 60 4 5 41 34 11 71 98 58 7 0 0 0 0 0 2 19 44 0 0 6 3 9 74 67 86 74 18 54 33 34 44 15 2 32 50 37 89 7 4 2 1 1 1 0 0 0 0 0 1 31 2 0 20 22 4 2 4 0 1 2 21 48 19 9 7 0 0 0 0
0 0 0 63 62 32 66 14 4 9 47 57 35 12 0 19 40 25 40 96 71 8 30 2 0 26 22 0 2 9 2 0 19 90 11 12 0 0 0 0 0 1 0 17 3 0 0 37 74 73 97 78 83 57 67 73 70 73 79 14 0 1 38 30 6 5 3 22 65 45 11 0 0 0 0 0 0 1 0 16 33 5 1 6 20 8 10 22 36 8 11 1 0 0 0 0
31 87 22 18 0 0 0 3 37 26 0 0 0 9 56 91 84 26 30 66 48 18 27 43 40 78 48 18 39 48 0 0 58 41 63 33 0 0 5 18 0 9 9 1 11 5 0 3 49 96 86 92 56 56 69 80 52 72 99 89 70 13 0 0 4 73 33 4 50 63 4 0 0 0 0 0 0 0 0 24 13 10 4 5 14 7 7 14 7 5 17 0 0 0 0 0
67 40 0 0 0 1 0 47 17 0 0 0 6 54 99 93 88 78 46 82 67 11 0 0 51 15 21 51 10 39 0 2 84 30 80 51 3 0 1 29 30 12 23 3 67 48 0 0 17 90 42 71 68 87 81 78 55 91 98 96 93 29 60 43 4 65 26 45 1 0 0 0 0 0 0 0 0 0 0 0 7 2 0 5 11 7 2 3 35 8 0 0 0 0 0 0
90 60 2 11 31 57 26 7 0 0 0 4 20 63 54 33 87 54 74 23 57 20 0 0 6 9 56 31 0 46 10 22 44 75 78 45 0 0 0 0 6 2 2 0 39 18 9 2 10 30 0 0 67 82 87 87 95 91 34 42 25 6 79 100 80 77 14 27 0 0 0 0 0 0 0 0 0 0 0 0 1 35 4 0 0 0 0 0 8 2 2 8 0 0 0 8
54 64 38 74 54 29 9 0 0 2 4 33 81 72 43 9 41 97 87 95 60 70 19 0 0 0 32 23 12 21 20 79 28 84 87 3 0 0 0 0 0 0 44 1 0 9 21 3 1 0 2 0 32 72 76 78 90 62 15 4 1 2 19 90 100 93 9 4 0 0 0 0 0 0 0 0 0 0 0 0 0 5 56 0 0 1 2 0 0 1 2 6 0 0 4 0
79 62 39 65 46 29 0 0 8 37 86 77 93 77 37 6 78 78 87 72 29 45 70 1 0 0 8 3 37 17 89 33 38 69 28 2 0 0 0 0 0 0 37 11 0 1 43 42 6 18 0 0 34 96 75 55 44 27 27 15 0 0 74 49 96 67 1 0 0 0 0 0 0 0 0 0 0 0 0 0 0 0 0 0 0 0 1 0 0 0 0 0 0 0 1 9
54 71 46 53 69 23 0 0 42 78 88 44 57 2 56 49 86 82 62 95 39 63 73 17 0 1 0 4 35 72 62 9 37 58 3 0 0 0 0 0 0 0 7 46 0 0 0 24 31 20 0 0 0 21 22 66 83 51 100 77 18 0 8 0 4 1 0 0 0 0 0 0 7 2 2 0 3 6 1 0 0 0 0 0 0 0 0 3 1 0 0 1 1 0 0 0
58 31 46 57 15 0 0 48 90 88 38 96 45 64 26 68 65 45 55 93 34 53 65 34 0 0 38 31 4 22 21 3 3 2 0 0 0 0 0 0 0 0 0 6 0 0 0 0 34 4 0 0 0 0 0 0 17 86 89 99 88 17 4 0 0 0 0 0 0 0 0 0 4 0 1 10 12 16 10 0 0 0 0 0 0 0 0 0 1 0 0 1 1 0 0 0
76 78 87 25 0 0 30 14 80 54 62 94 50 11 0 51 86 18 93 62 1 59 72 49 38 0 0 2 82 17 7 9 0 0 0 0 0 0 0 0 0 0 3 4 0 0 0 0 0 0 0 0 0 0 0 0 7 31 35 85 12 6 0 0 0 0 0 0 0 0 7 0 1 8 13 31 0 4 0 0 0 0 0 0 0 0 0 0 0 1 0 0 0 0 0 0
49 28 87 3 0 8 46 91 76 10 0 49 27 34 79 66 15 50 13 9 45 20 82 84 89 31 0 14 58 6 1 4 0 0 0 3 0 0 0 0 0 0 0 4 1 0 0 0 0 6 30 4 7 16 32 19 71 1 1 5 0 0 0 0 44 12 30 52 39 4 4 3 1 4 7 1 0 0 4 0 0 0 1 4 28 44 9 0 0 0 0 0 0 0 0 0
11 51 42 0 1 0 27 88 13 0 0 2 24 51 76 6 30 44 7 0 3 40 59 5 50 13 38 52 29 8 1 25 2 0 10 4 3 0 0 0 0 0 12 42 0 0 0 0 0 3 8 14 3 22 67 60 65 4 3 0 0 0 0 0 49 0 39 98 53 2 0 1 0 0 0 0 0 0 5 12 43 17 1 20 61 14 1 1 0 0 0 0 0 0 0 0
5 1 0 0 0 0 0 3 0 0 1 37 0 0 16 8 60 56 63 0 0 53 42 0 49 53 69 77 4 21 56 18 1 0 0 8 18 6 2 0 0 3 28 35 0 0 0 0 0 0 0 1 19 14 0 3 30 26 0 2 1 8 5 1 0 0 9 18 3 0 0 0 0 0 0 0 1 0 24 89 95 85 4 9 76 18 3 2 2 0 0 0 0 1 2 2
15 0 1 63 9 0 37 2 0 4 51 42 34 29 83 19 72 79 67 0 0 40 36 0 12 91 26 19 1 34 35 19 0 1 0 9 16 3 20 0 0 0 1 8 0 0 0 0 0 0 0 0 6 6 9 2 0 0 0 0 4 10 6 2 3 0 1 0 1 1 0 0 0 0 0 0 0 0 3 18 13 17 0 8 58 0 1 2 8 1 0 0 0 0 0 16
12 0 10 81 83 28 51 39 0 13 70 2 32 53 96 19 93 62 45 40 2 62 15 0 0 36 65 0 2 53 32 7 0 3 0 0 7 3 5 0 0 0 4 3 0 0 0 0 4 6 2 1 0 1 0 4 0 0 3 1 10 4 5 13 3 0 0 0 1 7 1 2 0 0 0 0 0 0 0 0 0 0 0 2 44 9 0 5 9 6 0 0 0 0 1 0
0 0 8 56 94 86 20 46 17 26 62 8 7 76 75 30 92 48 46 54 42 53 21 23 3 29 88 0 0 29 48 0 0 8 0 6 16 0 7 7 12 59 3 6 0 0 0 0 31 14 3 4 2 0 5 1 1 0 0 3 1 1 0 11 0 19 0 1 0 11 5 5 0 6 9 8 67 62 53 19 0 0 0 1 0 2 9 10 0 3 0 0 0 2 0 0
0 3 88 81 90 91 63 12 70 93 72 4 0 33 54 41 61 0 9 27 27 56 49 9 59 61 62 8 0 2 30 11 3 2 0 55 84 15 0 3 51 24 6 1 0 0 0 38 9 0 2 1 0 3 27 12 0 0 2 0 0 1 0 0 0 33 8 0 0 0 2 5 0 67 97 41 65 82 62 14 2 15 25 9 5 0 5 4 2 0 0 26 0 1 1 7
4 27 85 100 98 96 90 6 94 78 83 0 0 2 7 63 73 22 1 59 96 87 57 64 24 78 44 2 0 1 0 34 28 0 0 10 72 23 1 6 2 3 1 10 2 0 2 11 3 0 5 3 1 24 68 25 0 6 0 0 0 0 0 0 0 0 0 0 18 60 80 36 9 63 60 48 22 54 21 0 12 29 2 0 0 0 9 0 2 0 26 64 9 0 2 1
22 48 55 81 80 91 85 13 69 81 93 0 1 16 21 58 62 70 0 6 45 77 47 61 27 53 38 3 0 0 0 6 51 3 0 0 3 0 3 2 12 84 91 57 11 0 0 3 0 2 1 0 1 3 3 1 3 3 1 4 18 10 0 0 0 0 0 0 23 3 41 12 20 88 95 83 72 9 17 43 55 0 23 21 0 0 0 1 0 0 17 0 7 0 2 0
33 26 5 66 98 69 73 67 37 71 33 3 31 11 49 61 44 82 66 28 70 96 19 11 72 81 73 28 0 0 1 30 60 15 4 0 0 0 0 2 5 2 64 41 21 14 0 4 0 3 0 0 0 11 58 0 0 0 0 2 26 24 1 0 0 0 0 0 0 0 0 7 61 83 43 21 91 96 99 85 44 35 90 9 0 0 0 0 0 1 2 1 0 0 0 1
51 62 26 51 99 93 31 43 36 0 35 79 83 28 50 2 19 66 77 59 80 87 63 11 3 44 86 20 0 0 0 5 48 5 6 7 0 0 0 0 0 2 43 45 33 10 0 0 0 2 1 1 0 19 90 41 0 0 0 1 7 15 17 1 0 0 0 0 0 0 6 45 10 8 58 70 90 44 78 22 16 1 21 55 8 0 0 0 0 14 26 0 3 0 0 2
41 81 46 80 98 47 1 8 12 1 6 30 1 37 11 8 86 71 48 74 71 87 96 60 0 0 4 2 0 0 0 2 12 2 4 12 0 0 0 0 0 3 8 1 12 1 2 0 1 16 22 0 0 41 100 81 37 0 32 15 1 2 11 2 0 0 0 0 0 0 0 0 0 0 1 2 3 0 0 0 0 0 14 11 0 0 0 0 5 2 0 1 0 0 0 7
4 16 40 32 87 99 26 5 1 22 8 0 0 60 3 33 91 3 10 8 68 62 35 94 15 8 1 0 0 0 0 0 0 0 0 0 0 0 0 0 0 1 0 0 2 4 0 0 5 21 18 0 18 39 29 5 1 14 38 18 3 15 38 10 4 5 2 14 3 0 1 0 0 0 0 0 0 0 0 0 0 0 0 0 0 0 4 1 0 0 1 0 1 4 5 3
5 2 0 25 95 100 33 0 0 13 50 1 0 57 26 6 61 0 0 14 60 14 28 100 58 1 0 0 0 0 0 0 0 0 0 0 0 0 0 0 0 2 3 1 5 2 0 0 2 1 1 0 4 76 1 3 71 55 32 4 6 35 70 9 7 2 2 10 31 4 0 0 2 0 0 3 0 0 0 0 1 1 0 0 1 0 4 2 1 0 12 5 5 23 13 12
11 9 72 60 100 91 13 13 2 1 54 0 0 13 75 5 33 7 0 0 0 18 90 100 62 0 0 0 0 0 0 0 0 0 0 0 0 0 0 0 0 0 1 0 1 7 3 0 0 6 4 1 14 2 0 36 51 92 42 0 5 21 18 3 3 9 58 84 98 45 0 2 3 5 0 2 1 1 3 0 0 0 0 5 0 0 4 22 40 7 0 43 81 25 21 11
10 17 94 89 95 30 0 28 21 1 0 0 0 2 67 8 1 0 0 0 43 32 88 75 32 0 0 0 0 0 1 0 0 0 0 0 0 0 0 0 0 0 0 0 1 9 0 0 1 7 3 18 91 35 0 0 0 50 51 4 15 0 1 16 2 27 6 19 65 35 3 0 2 1 0 0 2 3 6 15 10 2 1 7 11 4 16 12 19 38 24 4 73 9 2 0
2 73 96 87 94 25 0 41 19 5 2 0 0 0 26 23 3 4 0 29 95 75 58 83 15 0 0 0 5 6 1 0 2 9 0 1 0 0 0 0 0 0 0 0 0 0 0 0 0 2 3 11 68 38 0 0 0 2 20 1 5 10 4 1 3 1 0 0 0 0 0 0 1 1 0 1 3 1 21 11 0 0 0 2 1 1 29 37 32 22 7 11 9 1 5 19
34 35 94 93 86 82 11 8 0 6 0 1 0 0 45 43 0 25 0 76 80 83 99 90 44 0 0 0 24 27 8 3 1 2 0 1 1 3 4 3 0 0 0 0 0 0 0 0 0 4 1 1 18 10 0 0 0 6 5 0 1 0 0 0 3 0 1 1 3 0 0 1 0 1 1 3 2 2 1 3 0 0 2 9 0 8 19 6 4 14 10 3 2 4 0 0
31 56 38 13 74 61 12 3 1 70 45 10 0 5 30 53 0 48 18 94 46 89 94 55 5 0 0 0 1 32 21 0 0 0 0 0 0 0 4 5 0 0 6 14 15 7 0 0 0 0 0 0 1 0 2 2 0 0 0 1 1 0 1 1 0 3 3 0 4 0 0 0 0 0 1 0 0 1 1 13 2 0 0 0 3 7 12 7 0 1 11 39 20 0 0 0
38 31 32 0 83 34 0 3 0 82 41 57 0 2 2 45 0 40 58 86 86 99 94 20 0 0 0 0 2 14 8 2 1 0 3 2 0 0 0 0 0 1 1 3 1 4 5 3 0 1 0 0 3 0 0 0 1 0 0 0 1 0 0 0 0 0 0 0 0 0 0 0 2 0 7 0 1 4 0 1 0 0 4 3 2 0 2 6 0 34 15 24 2 0 2 0
24 18 41 2 5 7 0 1 1 72 1 30 23 0 0 0 0 19 57 83 95 100 96 20 0 0 0 6 14 12 70 4 0 2 17 54 26 0 6 12 1 1 0 2 4 0 0 27 2 0 3 1 1 3 4 0 0 0 0 0 0 0 0 0 1 1 0 0 2 1 8 0 16 1 5 1 4 0 3 4 1 0 1 7 5 3 4 1 6 27 7 12 8 11 58 11
21 34 45 35 29 47 0 0 0 1 0 0 13 18 1 0 0 1 2 73 90 82 53 0 0 0 0 15 20 47 45 0 0 21 1 24 56 3 10 4 0 0 1 1 2 4 7 22 0 22 8 2 0 0 0 0 0 0 0 0 0 0 0 0 0 0 0 1 0 0 0 0 1 0 3 0 4 0 3 6 0 0 11 0 12 8 3 0 0 0 16 28 15 33 30 38
5 52 70 56 25 79 24 0 0 0 0 0 0 0 0 0 0 0 0 66 88 50 4 0 0 0 0 0 24 18 7 0 2 8 0 0 22 1 0 0 1 0 3 1 16 13 14 3 0 6 8 7 10 1 4 0 0 0 0 0 0 0 0 0 0 0 0 0 0 0 1 0 0 2 0 0 0 0 3 1 0 0 1 15 26 4 0 0 0 0 10 2 0 0 15 61
0 2 16 52 82 93 54 0 0 1 0 0 0 0 1 2 0 3 2 4 11 5 0 0 0 0 0 0 0 0 0 0 0 0 0 0 0 0 0 0 1 0 4 7 11 27 19 4 4 3 25 9 15 0 0 0 0 16 0 0 0 0 0 0 0 0 0 0 0 0 2 0 1 0 0 1 0 1 1 1 2 2 8 0 3 2 0 0 0 0 2 2 5 1 0 38
0 2 52 39 41 82 59 0 0 1 0 0 0 0 0 4 0 0 0 0 0 1 0 0 0 0 0 0 2 0 0 0 0 0 0 0 0 0 0 8 0 0 4 2 0 21 7 7 2 12 1 0 17 0 0 0 0 0 0 0 0 0 0 0 0 0 0 0 0 0 5 1 1 0 0 9 4 1 2 8 3 0 0 1 10 1 0 8 0 0 0 1 12 12 3 0
0 0 28 7 19 54 37 0 0 0 0 0 0 0 0 20 0 0 0 0 0 0 0 0 0 0 0 2 2 0 0 0 5 0 0 0 0 0 0 0 0 0 4 5 0 0 0 8 0 5 0 0 9 0 0 0 0 0 0 0 0 0 0 0 0 0 0 0 0 0 0 0 0 0 2 0 0 2 2 0 2 0 0 0 0 0 1 0 0 0 0 19 18 0 0 0
0 0 0 0 13 2 12 0 0 0 0 0 1 0 0 4 0 0 0 0 0 0 0 0 0 0 0 1 1 0 0 0 0 0 0 0 0 0 0 0 0 20 17 4 1 1 2 0 1 1 0 0 1 1 0 0 0 0 0 0 0 0 0 0 0 0 0 0 0 0 0 0 0 0 0 0 2 0 0 2 0 0 1 0 0 0 4 5 3 4 0 31 50 0 1 8
0 0 0 0 0 0 2 1 0 0 0 3 7 0 2 4 0 6 2 0 0 0 0 0 0 0 0 1 1 2 11 0 0 0 0 0 0 0 0 2 20 77 18 0 2 1 1 1 1 0 0 0 0 0 0 0 0 0 0 0 0 0 0 0 0 0 0 0 0 0 0 0 0 0 0 0 1 1 2 0 0 0 0 0 0 0 0 30 17 3 1 0 6 0 4 18
0 0 0 0 0 0 0 0 0 0 0 7 3 4 4 27 6 1 2 0 0 0 0 0 0 0 0 1 0 3 0 0 0 0 0 0 0 0 1 12 32 92 35 2 1 0 0 5 2 0 0 0 0 0 0 0 0 0 0 0 1 0 0 0 0 0 0 0 0 0 0 0 0 0 0 0 1 0 0 0 0 0 0 0 0 0 0 5 12 17 9 0 0 7 2 0
0 0 0 0 0 0 0 0 0 0 0 0 6 3 2 28 4 1 3 0 0 0 0 0 0 0 0 1 0 0 1 0 0 0 0 0 0 0 0 2 1 11 5 0 0 0 1 0 2 2 1 0 0 0 0 0 0 0 0 0 0 1 1 0 0 0 0 0 2 0 4 1 0 6 3 0 0 0 0 0 3 2 0 0 0 0 0 12 8 2 16 14 6 0 0 0
0 0 0 0 0 0 0 0 0 0 0 0 0 1 6 16 7 11 11 0 0 0 0 0 0 0 0 1 3 5 1 0 0 0 0 0 0 0 0 0 0 1 0 0 0 0 0 0 0 0 3 0 1 0 0 0 1 0 0 6 0 0 0 0 0 0 0 0 0 0 0 0 0 2 0 2 0 0 0 0 0 0 0 0 0 0 0 0 1 1 5 13 14 3 0 2
0 0 0 0 0 0 0 0 0 0 0 0 0 3 0 11 13 31 33 3 0 0 0 0 0 0 0 0 0 1 0 0 0 0 0 0 1 0 0 0 0 0 5 1 0 2 1 1 2 5 3 3 5 10 6 8 2 1 0 0 0 0 0 0 0 0 0 0 0 0 0 0 0 0 0 5 2 0 0 0 0 0 0 0 0 0 0 6 2 0 1 76 63 27 14 1
