Data/Land Cover 1km/FME_656D6600_1589209169783_10689/temp/lcm2007_aggregate_classes_1km_gb_6.asc
ncols 700
nrows 1300
xllcorner 0
yllcorner 0
cellsize 1000
[rows 468 to 545 of 1300, columns 192 to 287 of 700]
17 10 31 78 73 60 86 8 24 76 99 92 71 89 22 25 72 81 95 90 58 43 18 68 94 53 67 34 15 39 66 61 52 93 100 100 100 95 98 21 19 15 27 9 32 59 22 11 12 22 6 34 35 77 32 4 13 10 10 46 47 39 20 0 0 0 17 84 65 3 0 5 63 73 66 13 1 23 30 54 97 100 90 100 100 100 100 46 13 17 9 24 72 93 87 91
3 46 29 24 29 78 89 33 82 47 98 75 41 21 88 43 25 28 57 58 54 11 17 27 24 10 9 19 30 75 98 99 93 92 94 80 66 38 40 25 17 37 52 59 65 13 8 3 19 11 6 7 6 6 5 0 3 3 12 4 3 2 1 0 0 5 63 52 1 5 27 76 43 74 25 29 8 29 63 88 100 100 100 100 100 100 96 21 18 19 56 60 65 91 95 100
68 65 51 29 22 25 9 44 37 34 29 16 26 36 16 15 42 22 1 8 22 31 56 30 97 91 93 100 99 100 100 100 100 86 92 43 19 30 22 7 28 89 81 70 8 6 14 3 8 8 7 2 4 5 0 0 3 2 7 21 1 0 0 0 15 75 89 32 13 62 18 24 35 74 34 18 71 95 88 84 100 100 100 100 100 100 74 45 16 0 64 89 99 94 100 100
66 56 60 29 4 2 3 10 8 18 32 54 37 35 8 9 23 14 8 67 58 100 99 75 100 100 100 100 100 100 100 100 100 77 64 17 4 0 13 6 85 65 78 58 64 44 59 38 31 40 37 74 88 54 52 32 8 3 21 11 7 1 0 15 78 91 57 70 26 22 26 12 4 24 12 8 83 98 99 97 99 100 100 100 100 99 95 26 9 11 49 86 77 91 100 100
100 99 93 76 57 19 12 14 26 52 22 9 57 14 1 54 90 58 25 78 100 100 100 95 100 100 100 100 100 96 99 94 83 16 1 11 4 23 12 38 70 69 63 70 72 96 84 96 99 92 78 51 48 84 74 23 26 14 31 32 4 0 5 82 66 16 5 4 10 34 42 50 24 82 36 15 53 64 90 97 94 71 97 100 100 100 100 60 2 41 59 77 75 85 98 94
56 42 73 19 45 54 83 75 56 31 8 2 77 32 47 86 100 62 37 80 100 99 100 99 90 84 77 92 99 80 90 73 8 8 10 41 5 15 2 40 69 28 59 78 98 100 98 94 93 77 74 78 85 98 90 82 42 56 41 10 0 4 47 15 4 13 34 11 52 69 25 2 41 94 34 9 64 72 85 59 93 94 34 95 100 100 67 27 0 26 68 98 94 90 68 80
5 9 17 10 24 33 55 38 25 18 1 16 93 83 79 75 92 17 44 100 99 100 100 92 92 69 74 86 80 49 57 34 9 30 3 3 7 12 34 84 31 5 51 98 100 92 99 93 87 26 57 61 74 72 98 86 17 49 52 0 0 17 5 0 2 18 52 54 4 21 0 0 24 91 43 38 97 76 51 73 68 60 4 33 84 61 11 10 37 67 76 84 96 84 69 42
89 75 56 6 47 45 1 4 19 31 9 18 100 99 83 91 66 15 92 100 100 99 100 100 100 99 76 76 45 16 5 1 44 71 3 14 5 1 22 5 9 51 92 100 97 88 80 84 58 32 44 90 92 99 98 94 86 17 1 0 9 15 4 9 15 24 78 56 0 10 11 10 84 100 100 100 100 100 72 79 53 1 1 1 25 20 49 75 75 87 82 74 71 62 12 46
68 67 71 71 49 14 14 69 94 57 27 41 98 100 96 88 59 65 91 100 100 89 37 50 65 20 34 55 29 17 9 38 30 31 0 19 8 62 58 23 81 99 94 99 82 55 57 70 57 55 85 99 99 89 98 93 41 3 0 0 21 11 1 0 12 40 84 95 2 51 43 33 91 100 100 100 100 100 100 99 91 45 40 49 82 99 96 99 82 74 87 68 17 20 81 75
25 82 72 20 6 2 34 20 82 52 25 60 100 100 100 98 100 49 53 93 55 6 20 6 17 22 37 36 88 50 30 32 21 19 17 13 19 97 100 99 99 100 83 98 90 90 84 78 69 70 42 43 88 77 100 89 21 0 0 8 0 0 5 8 3 67 93 44 39 47 35 57 93 100 100 100 100 100 100 97 99 6 17 56 100 100 88 83 89 46 54 68 21 25 7 35
0 8 20 8 8 76 69 74 36 41 22 81 98 100 91 33 53 62 11 18 9 8 28 61 31 37 51 40 56 21 31 22 12 33 27 18 71 94 85 91 98 82 67 91 43 79 44 25 49 3 16 21 69 98 94 29 0 4 3 11 5 10 5 4 30 78 72 39 68 63 100 100 100 100 100 100 100 97 88 49 73 48 31 100 100 100 93 71 97 91 93 69 85 52 20 26
0 0 26 57 81 28 74 91 77 46 32 10 8 29 10 1 0 16 22 28 15 57 79 100 97 59 83 90 45 16 20 33 37 41 48 24 11 92 77 74 95 99 100 84 50 52 36 9 5 11 10 18 9 63 24 0 0 8 13 3 13 13 17 23 61 83 53 23 66 89 95 100 100 100 100 100 100 100 85 32 92 73 45 100 100 100 96 79 70 79 84 70 82 39 74 46
2 18 79 71 86 90 52 48 99 99 90 48 55 21 1 6 43 65 55 24 29 97 79 50 41 52 94 82 48 19 29 38 50 74 65 43 26 45 78 30 76 63 82 22 56 36 51 36 19 66 43 28 15 14 0 0 4 8 9 6 6 24 7 3 24 90 92 71 19 92 99 100 100 100 100 100 100 92 91 94 98 89 49 100 100 100 100 100 97 79 71 79 52 90 96 92
51 68 81 86 69 78 73 17 37 80 100 96 69 9 6 10 87 48 95 22 40 100 46 49 95 100 100 100 48 33 49 75 67 62 41 36 56 67 67 33 4 58 55 28 18 22 38 82 51 77 90 53 41 3 0 16 32 13 8 6 33 47 52 32 68 90 100 100 70 96 100 100 100 100 100 100 100 95 44 55 43 11 51 100 100 100 95 99 81 84 60 67 95 93 99 91
54 32 69 43 70 95 46 55 15 8 34 25 1 31 71 2 46 100 100 25 32 100 96 98 45 72 100 66 41 40 27 59 33 88 59 21 20 17 17 4 3 27 51 9 18 27 19 50 14 24 48 47 3 0 34 83 22 11 1 15 41 61 48 60 89 87 100 100 100 96 100 100 100 100 100 91 38 84 19 58 68 63 93 100 100 100 88 97 80 83 36 85 75 99 98 90
27 46 80 41 62 86 96 83 15 48 37 40 6 33 88 8 57 99 78 47 10 92 94 76 53 7 94 46 27 30 34 27 27 62 74 20 39 8 5 6 18 23 5 21 14 6 2 6 18 8 0 4 0 17 59 43 8 4 1 9 6 21 57 34 84 100 100 100 100 100 100 100 100 100 100 73 42 3 24 99 100 53 83 100 100 100 98 68 37 77 58 69 68 96 77 52
6 48 57 69 46 94 88 77 36 83 64 75 67 7 69 4 72 99 92 81 53 100 77 69 33 3 36 7 27 88 51 53 36 10 15 13 11 51 9 26 27 21 8 6 1 2 38 8 14 31 2 0 11 54 42 26 16 0 15 49 16 62 64 62 65 100 100 100 100 100 100 100 100 100 86 18 46 30 43 93 100 94 98 100 100 100 66 31 79 96 99 78 95 100 79 65
6 70 5 48 23 77 62 60 53 84 96 100 72 77 28 41 16 98 100 63 97 95 69 50 19 11 62 17 21 34 32 11 1 2 13 6 20 23 56 59 33 24 15 36 27 56 45 22 20 14 1 3 10 29 34 8 14 25 71 41 41 44 55 53 100 100 100 100 100 100 100 100 100 79 32 41 92 97 98 100 100 100 100 100 100 94 98 44 100 100 96 70 96 100 91 29
69 100 79 55 59 45 32 9 7 5 48 83 92 97 46 31 1 69 100 100 98 95 70 77 88 72 58 68 12 27 48 5 25 57 7 18 42 47 38 17 18 28 19 2 6 4 9 35 18 0 0 5 5 2 14 9 40 50 77 72 57 37 57 54 100 100 100 100 100 100 100 100 92 34 41 54 99 100 96 100 100 100 100 100 96 83 52 82 100 100 90 94 97 100 86 54
96 70 94 90 48 38 68 27 32 14 7 24 28 21 28 4 4 15 55 96 85 96 100 100 81 94 36 23 34 43 75 20 20 16 17 6 5 16 17 26 22 48 12 16 2 0 8 15 4 0 19 32 8 1 14 11 54 57 35 40 47 47 75 72 100 100 100 100 100 100 100 100 82 51 98 78 64 100 100 100 100 100 100 91 54 60 36 79 100 100 100 96 100 99 98 93
22 13 88 64 77 90 87 64 82 37 11 4 0 19 31 25 14 2 5 58 16 24 73 25 6 8 12 2 1 11 32 16 23 21 4 6 5 14 1 36 39 53 8 0 0 9 26 7 0 14 38 49 8 10 39 24 97 71 24 49 26 33 93 100 100 100 100 100 100 100 99 50 51 58 100 100 99 100 100 100 100 98 65 85 85 89 59 91 100 98 100 100 100 86 87 86
27 32 59 49 78 11 41 62 75 97 57 15 0 54 67 50 56 69 12 15 16 26 10 25 15 18 17 5 15 13 28 22 22 11 3 2 13 26 65 72 34 33 21 0 28 3 6 0 13 49 38 34 45 86 98 10 49 79 96 56 43 21 76 100 100 100 100 97 100 95 87 90 91 62 100 100 98 100 100 100 100 85 85 100 77 97 99 98 93 77 98 100 100 93 35 22
79 52 55 50 85 16 49 4 20 89 90 73 9 56 30 56 32 25 11 31 25 4 1 9 12 21 12 33 48 26 3 52 45 15 21 34 36 99 98 100 31 2 7 14 14 19 6 1 13 43 54 48 54 64 73 40 13 80 100 96 63 46 100 100 100 95 94 100 100 100 100 100 87 90 100 100 100 100 100 100 100 87 100 100 98 100 100 100 97 45 82 83 76 27 16 17
54 29 3 77 50 5 96 24 0 12 51 96 78 100 84 100 95 40 0 5 59 70 42 82 77 20 0 5 15 7 35 37 60 93 97 89 37 84 81 61 0 0 9 5 8 19 2 64 59 70 80 96 91 98 100 48 50 97 100 96 34 33 100 100 71 73 99 100 100 100 100 100 97 100 100 95 98 95 100 100 100 100 100 98 100 100 94 100 50 9 27 24 21 4 16 16
11 34 18 15 3 42 96 64 7 0 5 19 47 51 73 84 80 62 2 4 65 89 62 48 15 5 11 21 28 7 78 57 97 91 25 25 0 1 3 14 1 9 16 32 44 14 24 98 95 96 90 99 99 98 86 82 100 100 100 95 19 1 13 29 81 100 100 100 100 100 100 100 100 100 100 100 100 100 100 100 100 100 100 100 100 96 56 45 66 66 37 6 12 10 21 6
83 84 78 34 28 100 98 81 71 30 17 76 10 19 23 31 19 16 15 0 0 0 0 0 2 6 1 25 5 0 49 31 12 27 1 0 0 0 2 0 4 23 13 5 37 51 67 52 37 97 94 93 100 97 91 96 100 100 100 98 77 32 63 76 100 97 100 100 100 100 100 100 100 100 100 100 100 100 100 100 100 100 96 85 91 95 66 13 47 80 26 9 11 4 10 15
86 73 45 38 17 57 82 50 56 18 55 99 94 43 40 71 67 70 27 12 7 18 18 2 3 1 4 22 2 4 7 0 0 1 0 0 4 15 12 26 54 33 4 11 40 64 51 60 66 48 54 91 100 100 100 100 100 100 100 68 64 87 76 98 100 100 100 100 100 100 100 100 100 100 100 100 100 100 100 100 100 100 96 94 98 86 68 67 44 33 6 9 4 8 9 32
34 78 43 66 55 4 3 2 2 10 32 72 73 91 99 68 56 49 3 0 2 16 5 7 10 18 17 8 0 1 2 0 7 3 1 7 41 20 17 12 19 51 10 68 47 18 39 86 75 100 100 99 100 100 100 100 100 100 98 93 100 100 100 100 100 100 100 100 100 100 100 100 100 100 100 100 100 98 100 100 100 95 96 98 100 60 73 75 15 12 1 1 1 15 26 6
26 76 100 88 68 29 31 0 2 0 14 2 1 55 94 58 27 50 16 0 0 29 10 8 6 47 3 1 6 1 1 4 27 8 7 22 45 41 17 8 8 21 37 68 32 9 32 33 36 99 95 94 93 100 100 100 100 100 100 100 100 100 100 100 100 100 100 100 100 100 100 100 100 100 100 100 94 94 100 100 100 96 74 81 95 68 59 31 8 7 7 13 26 9 15 47
30 7 31 46 42 41 8 8 0 2 0 1 5 12 5 9 2 0 1 0 0 1 23 9 3 0 4 4 4 7 8 12 9 14 12 2 17 54 8 17 11 27 72 66 10 42 48 12 23 62 76 66 70 100 100 100 100 100 100 100 100 100 98 100 100 100 100 100 100 100 100 100 100 97 100 100 64 74 63 71 98 92 37 50 80 30 16 2 1 6 20 5 13 16 35 92
33 54 52 27 8 0 0 0 24 28 28 12 7 8 18 49 46 7 14 61 17 40 51 13 17 26 15 18 15 3 0 12 23 14 19 14 13 39 3 2 9 61 41 29 2 11 10 24 11 4 48 91 100 100 100 100 100 100 99 100 100 100 99 100 98 100 100 100 100 100 100 100 90 69 84 96 69 69 24 17 55 43 69 9 16 19 20 0 7 10 3 11 13 10 62 89
67 72 27 6 0 0 33 47 26 41 59 24 30 15 21 0 12 6 1 0 1 29 22 24 13 26 37 28 49 12 23 7 23 12 23 17 14 50 13 3 50 15 60 39 38 70 13 13 19 49 100 100 100 100 100 100 97 100 99 100 100 100 100 100 100 100 100 100 100 100 100 93 86 99 100 85 56 55 37 23 16 9 14 4 14 55 1 0 28 0 0 25 7 23 55 63
14 4 0 2 6 11 2 1 11 67 89 43 41 26 15 1 0 11 2 2 2 2 13 7 21 24 16 5 6 7 19 21 37 15 3 15 12 7 0 12 49 47 19 32 48 16 9 22 61 95 100 100 100 98 100 100 100 100 100 100 100 100 77 97 100 100 96 78 100 97 100 54 89 89 77 56 3 8 7 0 3 0 6 1 16 50 50 21 16 11 9 7 6 51 76 65
40 6 10 0 62 61 48 30 15 26 3 0 0 0 14 0 0 0 0 15 9 32 24 4 0 1 23 17 9 1 6 27 44 41 50 24 46 12 11 50 35 24 36 58 29 71 52 43 70 100 99 83 98 100 79 82 68 86 58 34 86 67 42 100 100 90 33 54 100 77 69 70 66 91 91 70 75 49 8 0 2 8 71 59 81 77 59 24 21 15 49 47 9 74 83 91
9 24 16 27 91 73 52 19 4 19 21 35 54 88 53 0 0 0 0 10 5 11 13 4 20 16 5 18 0 12 58 96 100 43 25 0 44 12 12 3 41 67 77 100 89 73 99 100 94 100 100 52 25 36 19 5 68 94 16 23 63 72 97 100 100 60 35 82 100 100 95 78 78 94 69 90 69 11 36 58 69 64 96 73 88 87 74 59 39 58 65 13 3 73 95 91
51 71 49 54 18 27 19 50 43 16 4 17 73 53 8 1 0 13 0 8 0 0 0 10 22 1 2 15 57 54 98 82 34 10 23 34 25 7 1 62 100 100 100 100 74 75 86 76 97 44 37 33 53 22 16 6 47 21 25 27 61 46 56 98 86 26 51 100 97 50 83 82 84 84 49 72 32 74 84 98 94 93 99 97 81 40 79 99 100 92 79 46 51 54 96 100
84 99 84 58 69 17 18 28 16 29 64 32 11 6 22 29 0 6 61 20 59 35 1 43 41 63 68 25 20 86 82 34 70 88 47 16 2 27 20 95 94 79 48 78 84 40 31 54 72 49 98 33 16 11 20 10 15 20 21 17 21 21 17 29 64 17 93 85 65 54 73 98 71 36 18 22 28 84 99 87 95 99 100 91 91 81 99 100 99 85 87 68 63 76 100 100
20 27 45 48 47 3 86 13 46 98 83 5 11 20 39 6 1 17 82 34 64 7 11 88 96 100 98 68 49 92 94 94 100 76 11 0 23 77 59 72 36 45 38 88 98 93 16 14 22 59 41 65 35 40 46 41 26 27 25 53 15 12 23 39 23 18 26 8 6 15 6 17 8 5 4 21 11 97 59 72 99 98 100 100 73 97 100 97 100 88 46 90 46 53 99 100
18 1 0 19 0 4 56 36 23 23 32 3 7 33 12 1 0 0 0 0 0 37 87 94 21 29 20 15 41 38 78 83 50 2 0 15 32 16 1 10 6 16 34 15 31 8 30 34 61 55 39 99 92 97 95 88 57 25 57 76 43 50 16 16 27 1 3 12 15 40 14 11 25 42 40 54 44 94 80 100 98 100 100 100 91 99 95 100 97 100 100 82 16 62 100 100
21 1 23 32 34 11 18 1 3 35 68 17 0 40 31 23 29 14 2 6 9 13 34 52 1 23 12 42 90 98 69 34 2 0 2 80 34 8 17 15 54 44 3 8 27 32 60 68 64 29 28 69 27 63 73 91 89 89 96 93 23 58 20 17 10 10 1 3 45 90 66 18 56 93 93 58 41 91 62 99 83 100 100 100 92 96 100 92 97 100 100 91 38 91 100 100
10 36 18 14 29 10 16 12 13 46 28 14 21 14 5 3 2 8 9 10 6 6 0 0 1 28 35 85 97 91 33 8 0 1 34 61 11 52 71 88 71 15 68 14 48 17 7 51 38 26 96 94 61 100 100 100 100 100 88 39 47 45 45 42 23 18 4 28 79 88 95 78 97 100 92 35 89 68 84 100 91 97 100 98 100 100 100 94 98 100 100 55 50 83 98 100
1 16 15 23 4 4 54 27 7 43 17 11 20 38 69 47 5 0 1 0 3 11 11 4 29 3 35 23 59 65 2 2 0 36 47 24 64 98 100 98 29 14 90 45 23 43 75 47 24 83 100 100 100 100 100 100 100 85 49 16 55 58 21 14 15 27 59 56 58 72 88 58 97 91 79 60 88 28 91 100 100 72 95 97 95 100 100 75 99 98 84 82 95 81 99 100
40 1 49 44 5 22 11 0 25 62 39 52 78 81 49 60 13 11 20 61 51 24 12 44 19 33 6 20 31 6 0 0 24 66 6 25 90 98 75 54 48 92 89 100 35 20 80 88 96 99 100 100 96 79 73 98 80 69 49 28 34 11 7 10 7 11 24 55 92 66 81 36 86 84 78 63 88 48 87 100 97 96 100 100 99 97 94 68 55 86 88 100 100 100 81 100
68 47 67 3 20 0 0 9 94 67 9 10 5 14 4 19 45 69 46 19 55 27 4 0 18 13 0 6 14 0 0 31 62 32 59 67 75 75 20 69 51 100 100 96 94 18 58 100 100 100 100 100 83 84 72 72 62 50 46 4 0 11 0 13 39 13 76 70 92 74 20 15 95 62 28 97 100 79 70 100 100 100 99 100 98 100 97 90 86 100 100 100 100 100 97 93
65 97 70 37 8 35 4 30 99 64 0 10 45 72 52 22 26 48 72 53 53 33 5 3 19 52 7 0 0 2 16 30 37 24 48 50 40 25 13 51 42 33 23 39 61 83 100 100 100 100 100 100 100 99 70 70 44 2 1 6 10 87 18 13 46 91 100 95 78 65 48 44 96 46 99 100 98 60 98 100 100 100 100 93 76 100 100 100 94 100 100 100 100 100 100 100
11 57 95 68 8 66 0 77 58 8 10 27 14 44 88 49 50 45 53 35 84 100 76 32 2 10 8 0 7 22 9 74 84 30 49 62 27 24 6 30 0 6 74 100 98 89 100 100 100 100 100 100 100 93 66 56 10 6 1 10 30 53 62 21 4 39 80 88 84 77 43 44 94 58 98 76 96 99 99 100 100 100 98 51 81 100 100 100 100 100 100 100 100 100 100 100
5 66 56 52 18 30 0 73 45 26 43 44 49 68 67 14 6 14 35 51 81 80 82 36 18 17 5 20 51 26 61 42 20 40 16 33 63 30 20 49 4 3 27 83 91 75 100 90 88 91 100 90 68 60 53 5 30 36 57 23 73 91 75 14 59 39 87 100 100 84 5 28 66 63 77 80 98 98 100 100 100 100 72 42 87 100 100 100 100 100 100 100 100 100 100 100
45 90 19 3 43 1 0 3 56 74 49 0 21 17 17 39 72 21 23 22 25 27 51 72 38 13 20 17 21 78 4 1 20 15 0 20 21 34 11 1 0 5 29 81 42 63 100 66 33 47 65 63 48 1 32 25 31 4 58 88 93 98 44 42 39 71 100 100 100 24 2 42 93 80 29 63 99 96 100 100 100 100 70 29 75 100 100 100 100 100 100 100 100 100 100 100
55 31 0 4 38 6 17 55 18 47 20 5 85 66 86 76 99 83 80 12 15 12 25 11 52 15 17 8 11 0 12 1 19 5 16 6 7 10 8 0 4 1 1 29 13 33 57 40 35 46 31 30 11 0 51 42 36 42 99 100 97 100 51 34 51 100 100 100 73 7 40 16 88 76 91 100 100 94 100 100 100 100 44 33 72 100 100 100 100 100 100 100 100 100 100 100
19 1 18 11 22 71 80 72 54 1 5 37 95 69 96 59 98 67 29 4 0 11 4 15 10 0 21 45 17 9 15 11 2 39 28 18 17 42 17 18 47 36 6 2 7 2 8 11 25 41 55 54 59 29 57 7 46 72 100 100 100 55 60 0 87 100 100 90 12 57 93 57 93 78 95 99 100 100 100 100 100 57 40 100 38 94 100 100 100 100 100 100 100 100 100 100
4 0 9 14 13 72 80 11 39 9 25 2 56 83 65 19 10 31 48 56 22 0 9 9 3 4 3 21 25 33 24 12 5 27 20 15 16 27 22 28 1 0 7 4 18 8 0 3 5 5 0 35 40 22 19 48 100 100 100 100 97 38 49 17 99 100 95 22 35 100 94 76 86 100 100 100 100 100 100 100 87 80 95 100 90 85 98 100 100 100 100 100 100 100 100 100
2 4 5 22 10 2 6 30 1 2 18 4 1 1 4 2 6 2 6 0 12 26 13 0 16 12 18 12 14 11 4 2 8 20 25 36 22 38 20 17 13 13 23 5 1 2 6 7 0 6 6 38 54 61 52 26 98 100 100 100 70 42 64 65 100 93 18 10 84 100 95 66 99 100 100 100 100 100 100 100 65 100 100 100 100 100 100 100 100 100 97 100 100 100 100 100
36 42 53 25 9 8 1 1 0 10 17 4 7 5 16 19 12 21 22 65 67 18 13 13 26 8 19 16 0 0 0 8 5 14 17 14 7 2 8 25 10 17 63 76 14 26 40 42 1 31 27 50 47 14 38 91 100 100 97 79 35 43 16 73 77 18 8 86 100 89 66 85 87 100 100 100 100 100 100 99 71 100 100 100 100 100 100 100 100 100 100 100 100 100 100 100
16 1 4 23 13 1 9 13 1 14 6 6 7 0 42 11 8 10 2 4 28 21 4 6 2 3 31 49 25 17 6 5 1 10 16 25 25 67 40 31 9 25 56 22 32 31 48 18 1 12 25 9 31 17 91 100 100 55 37 53 62 61 66 47 48 8 72 100 100 98 92 100 100 100 100 100 100 100 100 84 97 100 100 95 90 100 100 100 100 96 93 100 100 100 100 100
15 59 81 62 17 19 52 36 12 2 0 1 7 5 0 21 19 29 28 18 12 0 14 3 4 4 13 9 9 3 10 6 1 12 35 52 49 75 94 37 13 33 35 65 90 56 11 4 5 23 26 10 14 90 98 77 67 81 100 98 50 89 19 44 36 51 99 100 100 100 87 96 100 100 100 100 100 100 100 88 100 100 100 69 37 75 100 100 100 99 80 100 100 100 100 100
60 92 65 11 16 19 38 13 49 5 72 57 55 79 41 6 8 2 17 15 4 16 12 6 12 45 46 48 29 4 6 1 13 83 83 90 76 44 58 54 16 27 23 80 79 84 42 35 58 57 40 1 13 25 46 89 98 100 99 88 57 39 30 47 7 95 100 100 100 100 82 77 100 100 100 100 100 100 100 93 100 100 97 93 59 65 100 82 100 100 92 83 100 100 100 95
72 32 5 16 9 10 9 0 11 15 84 99 99 99 54 72 63 13 7 20 14 49 15 3 66 78 86 100 77 45 26 22 42 100 100 91 41 24 38 63 93 53 16 82 100 100 96 56 53 59 28 25 47 94 99 100 99 100 91 34 93 95 91 41 31 97 100 100 98 86 99 73 96 99 95 100 97 86 87 97 100 100 83 100 96 99 100 81 100 100 93 70 100 100 94 81
36 36 31 29 7 13 16 20 56 94 99 90 71 58 52 96 77 15 2 23 19 54 57 65 98 94 100 100 100 67 31 83 95 100 98 96 59 56 86 100 94 13 15 98 99 100 99 55 18 28 41 96 93 100 100 100 100 100 99 97 49 43 28 2 73 100 100 99 96 94 77 42 56 100 100 100 96 86 88 94 100 100 94 83 100 97 78 100 93 100 29 77 100 100 97 65
7 34 63 29 61 79 67 89 67 97 72 20 26 2 67 88 25 13 49 25 19 49 64 88 96 98 100 99 100 61 33 100 100 100 100 97 68 87 100 100 65 0 15 99 100 100 50 1 61 53 91 100 100 100 99 100 100 95 100 100 92 5 0 13 93 100 100 100 100 100 90 71 64 97 100 100 100 100 100 79 100 100 84 87 99 97 73 100 100 94 34 81 100 100 100 83
38 31 22 62 68 15 26 50 87 100 97 69 64 49 40 22 0 23 56 20 4 72 52 98 91 100 100 100 95 23 86 100 100 98 100 94 44 86 100 93 29 0 15 100 100 95 20 42 48 51 96 100 100 89 67 100 100 100 100 100 80 10 1 12 95 100 100 100 100 100 83 73 53 63 73 100 84 93 100 90 100 48 30 72 48 88 100 100 100 99 79 100 97 100 100 100
44 24 47 77 73 68 35 49 61 83 29 22 13 28 35 0 11 31 42 64 15 51 86 100 100 100 93 100 90 77 99 81 58 63 79 22 39 53 99 57 0 1 36 100 100 95 94 90 95 41 79 45 64 92 98 99 100 100 100 100 84 2 5 28 79 100 100 100 100 100 100 42 97 100 94 91 82 58 63 43 74 12 0 24 96 95 100 100 100 76 71 100 88 100 100 87
38 14 8 22 51 40 37 25 22 15 8 0 12 8 0 29 25 27 39 25 16 6 70 100 100 76 39 99 100 95 66 23 6 74 15 50 72 28 55 39 6 10 76 100 100 100 88 56 40 60 40 58 100 100 97 36 83 100 100 89 17 22 78 81 99 100 100 100 100 100 70 32 100 100 100 100 100 100 86 47 32 21 22 43 85 100 100 100 100 83 94 91 87 97 99 45
57 24 0 0 0 0 6 8 12 43 14 29 24 0 5 40 25 21 24 0 52 21 32 74 33 46 9 23 20 12 0 1 13 2 0 2 27 48 24 16 6 37 74 68 100 100 82 29 0 17 59 100 100 100 97 11 53 97 97 42 4 89 100 100 96 100 100 100 100 100 50 54 100 100 100 91 100 100 100 100 75 44 45 23 72 96 100 96 99 96 45 58 87 94 96 0
62 47 15 15 9 7 7 12 27 67 14 15 0 0 15 51 21 28 20 35 54 17 32 46 58 47 42 13 6 32 24 13 45 8 22 15 10 3 35 37 13 14 8 40 66 69 4 5 26 59 86 100 100 99 100 46 2 33 46 1 20 99 100 100 100 98 100 80 93 100 59 59 68 99 100 85 87 84 97 6 68 93 100 67 55 55 81 74 84 96 69 99 66 60 78 0
75 45 16 40 25 22 19 12 10 85 35 0 0 21 49 56 20 36 3 65 88 52 63 75 91 64 81 48 47 98 52 51 59 0 4 30 28 57 62 62 9 14 43 41 46 24 34 43 93 100 100 100 100 74 44 79 14 71 2 3 77 91 93 100 100 100 80 23 28 69 64 48 65 91 100 88 80 86 96 83 84 5 74 100 99 36 43 70 100 96 14 15 5 5 14 12
79 67 29 40 18 19 52 20 4 52 13 0 0 31 98 47 10 11 10 72 96 38 64 85 100 43 98 86 81 100 71 99 35 0 27 30 35 22 25 23 29 43 49 74 95 70 79 68 100 100 100 100 96 44 19 2 69 33 3 50 52 44 86 100 100 93 98 100 100 96 74 57 30 78 87 97 100 99 59 89 67 38 50 91 86 79 37 51 82 49 1 7 5 8 4 5
27 72 64 26 26 56 49 35 26 7 0 0 8 36 70 5 52 64 51 99 95 97 99 99 100 92 83 100 100 100 100 76 1 36 40 6 59 1 7 49 100 67 60 10 66 95 49 32 97 100 98 91 85 76 22 17 80 9 15 84 26 34 70 100 100 100 100 98 95 62 61 36 33 69 77 43 64 51 2 7 48 57 58 94 92 69 76 27 12 7 18 16 9 6 1 5
73 40 91 96 34 5 10 8 33 0 3 35 40 22 54 12 31 7 23 29 13 28 45 66 100 99 62 52 65 44 39 17 33 77 28 2 16 5 79 100 100 100 97 49 41 96 89 35 44 91 72 78 100 76 18 35 63 7 15 58 96 46 84 62 60 69 41 74 64 55 66 32 15 74 64 69 84 85 46 61 19 3 26 45 66 62 76 34 9 35 67 85 42 76 64 18
62 46 88 86 69 23 5 17 5 2 19 27 12 9 2 13 15 23 94 77 92 75 86 63 51 46 32 10 30 42 48 31 24 84 10 0 1 66 96 72 87 100 67 26 45 100 100 92 30 55 85 38 98 99 41 55 42 18 24 90 58 77 40 49 92 50 52 98 95 91 59 25 67 82 77 100 100 97 99 65 100 46 4 0 22 8 6 4 2 53 100 69 72 45 48 42
73 73 22 49 46 38 14 44 0 7 47 30 64 31 21 32 75 27 53 100 78 56 80 54 54 31 33 58 92 32 9 1 0 0 10 0 10 11 52 43 30 54 32 29 69 99 80 90 96 62 77 50 87 50 68 100 51 15 15 39 15 47 0 97 100 57 26 59 78 76 30 57 86 58 68 100 100 100 93 78 35 2 16 24 12 33 62 16 11 30 69 43 54 23 1 2
59 64 44 23 51 2 0 1 0 8 10 17 29 40 24 17 17 6 22 43 21 25 33 27 41 57 31 58 56 10 0 0 0 1 7 24 23 0 0 12 9 8 18 28 8 68 92 97 100 100 58 29 52 57 35 70 36 31 6 1 3 32 46 12 57 90 65 43 81 43 12 42 80 89 100 100 100 98 40 31 72 15 6 35 28 30 75 29 3 2 37 70 15 8 0 4
67 21 44 40 2 0 0 0 0 0 0 0 0 13 36 12 7 12 17 29 46 68 45 53 83 93 67 58 32 42 38 19 21 9 11 12 21 6 1 26 21 24 18 55 75 97 70 52 59 94 89 87 46 60 80 5 29 5 12 3 31 34 14 9 13 91 85 78 66 63 86 44 62 96 99 100 95 62 28 58 31 59 23 5 8 53 11 0 0 1 14 18 4 0 2 6
75 26 6 0 0 0 0 0 0 0 7 1 1 2 3 5 0 0 1 52 97 97 95 72 39 19 17 68 56 74 20 38 88 47 0 70 97 72 21 39 90 90 93 100 100 89 55 84 70 75 34 48 42 77 78 9 8 3 22 12 70 16 9 8 1 32 37 29 15 31 65 15 55 69 38 45 62 19 14 8 3 8 17 17 6 5 1 0 0 0 0 4 1 5 13 32
40 37 9 0 0 0 0 0 0 2 21 46 8 28 1 15 15 11 9 29 80 99 100 98 91 97 73 97 65 53 45 89 60 63 28 3 50 40 22 72 100 81 78 100 100 73 77 98 37 34 44 62 42 3 8 69 54 48 36 8 27 10 9 21 23 31 22 3 3 0 0 0 4 4 22 3 41 11 10 24 92 75 29 70 54 57 3 9 18 10 6 29 54 49 69 94
41 19 0 0 0 0 3 13 31 17 36 48 9 33 66 81 10 11 4 22 47 48 16 41 65 87 93 57 45 6 60 76 91 60 92 42 78 34 22 80 100 58 93 86 90 95 90 41 0 39 89 67 27 51 36 30 21 46 8 1 8 1 2 3 2 0 0 0 2 10 2 9 5 15 9 6 24 23 11 49 87 98 96 100 99 69 14 53 78 90 46 94 100 97 100 100
15 0 0 0 5 53 51 45 5 50 85 27 54 82 97 73 13 2 65 62 31 44 61 63 32 25 25 27 30 11 48 57 75 35 12 16 31 2 46 70 70 50 95 79 94 100 64 6 47 92 79 20 15 18 44 26 37 10 26 32 37 32 13 4 0 0 0 1 8 14 0 54 76 98 83 71 53 61 35 84 75 91 73 41 42 12 9 30 98 92 94 100 94 100 100 100
0 0 0 0 11 25 33 27 2 14 94 93 95 84 63 63 57 0 21 34 38 98 96 89 54 68 31 88 41 34 82 56 44 1 34 65 32 14 61 12 38 73 52 31 90 82 34 32 95 93 59 4 4 35 26 41 60 46 63 72 63 80 23 2 7 0 0 4 9 5 40 100 100 100 94 83 98 93 90 83 75 88 86 22 26 32 9 63 98 100 100 100 100 69 80 99
0 0 0 0 0 0 5 10 0 0 30 29 6 8 49 49 5 7 15 77 32 87 100 89 93 37 85 66 19 96 86 70 100 81 97 97 89 95 99 75 39 32 39 75 67 54 23 94 88 53 85 5 10 23 11 6 20 83 70 91 51 36 2 5 22 1 2 0 60 31 40 100 100 99 98 98 100 100 100 100 100 100 71 89 43 60 50 89 100 99 98 96 78 89 67 95
