Data/Land Cover 1km/FME_656D6600_1589209169783_10689/temp/lcm2007_aggregate_classes_1km_gb_5.asc
ncols 700
nrows 1300
xllcorner 0
yllcorner 0
cellsize 1000
[rows 836 to 911 of 1300, columns 384 to 479 of 700]
55 35 24 31 72 29 39 58 65 47 33 48 29 28 8 10 13 17 44 34 32 28 64 60 66 59 18 23 21 6 18 5 11 13 1 9 9 14 1 4 8 10 7 4 19 7 5 0 5 5 9 0 1 3 15 0 2 11 2 0 6 2 10 13 2 6 10 3 5 2 2 0 0 7 1 7 2 0 0 9 3 2 1 6 3 3 2 6 4 14 1 3 2 4 1 25
36 19 8 50 28 9 13 27 41 86 48 65 62 73 11 10 9 9 11 3 8 53 66 77 70 7 0 0 2 0 0 0 5 20 0 11 10 6 0 2 1 3 2 3 12 4 3 3 5 4 10 0 3 5 11 4 3 7 1 2 4 1 7 0 1 0 2 5 2 3 10 2 9 0 3 2 1 3 4 6 4 8 4 6 10 5 1 2 4 17 10 3 1 4 9 10
31 46 4 47 8 1 5 14 22 47 51 76 64 48 17 8 34 21 6 3 13 40 64 55 40 5 0 0 27 8 1 7 28 14 26 7 1 7 5 1 1 6 9 2 5 0 1 0 10 8 4 0 9 2 0 0 5 17 3 0 10 5 0 3 0 0 7 3 0 0 4 22 2 1 6 14 0 17 3 9 4 50 12 4 1 5 10 2 4 5 7 12 1 6 15 16
36 36 51 30 8 2 3 80 48 26 7 38 5 24 9 35 35 34 25 16 13 15 16 10 8 0 0 0 11 20 18 10 8 6 19 12 6 2 9 4 6 0 0 4 3 7 14 0 3 12 12 3 2 19 1 1 3 2 1 0 1 15 4 6 0 2 6 5 1 5 2 5 1 1 2 3 3 14 1 8 13 7 12 4 2 11 2 3 5 10 0 2 0 4 5 10
85 77 21 22 16 2 4 44 87 8 45 20 3 4 47 21 0 0 0 1 17 7 8 0 0 0 0 2 9 38 38 7 18 11 11 5 10 5 3 2 0 3 10 7 1 4 2 11 6 11 2 5 6 5 0 1 2 1 0 0 0 4 1 2 0 1 9 3 2 4 12 0 1 6 5 2 9 8 2 30 40 26 5 2 10 4 5 3 3 6 1 1 3 1 19 34
46 96 45 0 10 2 7 2 40 4 48 16 12 12 50 5 1 2 0 8 9 8 5 0 1 0 0 4 10 23 23 28 39 21 7 7 8 5 16 0 3 0 0 1 2 3 10 2 16 1 4 2 9 0 3 3 3 12 3 3 3 0 5 4 3 5 7 8 8 0 0 0 4 1 14 9 5 2 12 26 21 9 0 1 0 11 1 8 3 13 5 16 7 5 22 12
18 55 11 1 4 0 18 4 13 11 30 9 6 51 20 0 4 3 2 7 27 14 13 0 40 5 0 0 14 3 22 3 13 18 17 23 16 10 10 11 5 0 9 0 5 5 7 9 11 8 9 5 2 0 1 1 1 9 1 0 3 1 10 4 9 29 8 1 5 4 0 0 1 8 5 17 5 1 6 4 5 11 5 2 1 9 0 3 5 2 4 1 19 10 8 15
3 7 1 11 9 2 12 32 12 8 11 10 15 25 3 0 0 5 4 20 20 16 4 5 57 1 0 5 12 6 22 12 11 15 42 16 17 9 11 4 3 9 3 12 4 0 0 3 9 16 20 0 4 0 2 0 0 1 4 1 3 0 0 4 14 36 2 5 2 6 3 0 0 6 0 9 12 5 7 19 7 3 7 10 8 4 0 4 10 2 1 0 1 3 3 13
8 2 16 8 6 8 3 10 0 0 3 9 70 14 5 14 6 62 15 7 63 76 1 10 9 13 1 13 46 6 28 16 9 9 7 9 1 0 4 10 7 1 0 12 3 1 0 0 0 3 1 7 8 0 9 13 0 0 0 0 1 2 11 6 12 2 8 7 0 2 1 1 1 1 1 0 0 12 8 26 10 2 6 3 5 4 11 7 4 0 2 0 1 0 0 4
2 1 6 1 16 7 2 9 2 0 8 5 63 14 3 13 16 16 10 10 24 34 2 6 9 28 20 15 2 0 2 15 21 6 0 5 14 14 7 13 8 3 0 2 2 1 0 0 0 2 2 5 1 0 3 3 2 15 1 0 1 1 5 3 0 2 7 3 4 0 0 0 0 6 0 19 20 5 10 11 7 6 10 3 5 4 1 14 10 7 12 6 4 0 3 7
24 3 34 14 10 1 3 5 2 4 1 2 17 1 9 4 7 1 8 25 26 21 10 3 10 37 0 0 0 8 14 3 4 1 2 2 16 12 62 49 42 29 14 12 10 1 0 1 0 7 6 2 0 3 3 0 4 14 1 0 1 2 3 5 1 2 10 7 11 7 0 0 3 4 11 1 3 16 7 9 5 18 11 4 2 2 5 4 3 7 7 0 3 3 1 0
21 1 34 1 2 9 1 0 10 7 1 0 7 7 7 5 19 4 15 4 7 1 7 8 7 23 0 0 4 0 0 9 14 5 10 16 16 32 21 41 41 3 9 7 11 10 5 12 2 4 2 3 1 7 1 3 6 0 3 2 0 5 4 1 0 0 4 9 5 14 1 2 1 0 6 0 0 5 3 12 4 3 3 3 3 0 0 2 2 14 12 1 8 1 0 1
7 1 2 8 9 5 15 7 3 7 13 2 6 3 0 1 9 21 17 14 39 11 1 4 10 13 33 23 20 23 7 9 2 13 16 15 9 2 1 23 3 3 14 18 18 12 5 2 3 1 2 5 1 0 4 3 0 0 8 3 0 0 1 0 0 0 0 7 14 9 1 0 3 0 0 0 0 0 1 1 7 1 3 8 2 6 14 3 1 5 10 13 9 12 3 2
0 6 5 4 3 10 10 19 36 23 16 4 6 8 7 29 59 19 20 22 7 34 17 5 5 3 31 18 9 5 1 12 2 3 4 7 7 6 4 31 2 3 10 1 11 4 6 12 2 8 2 4 5 6 0 9 1 0 1 4 0 0 2 1 5 1 2 2 2 0 19 3 0 0 2 14 0 13 5 2 0 1 6 8 2 0 11 0 7 6 4 2 7 10 7 2
1 5 6 0 7 11 5 11 4 9 8 2 5 11 16 12 54 13 7 3 2 4 7 16 7 6 6 9 6 3 3 2 0 3 29 8 10 1 3 0 2 0 19 9 21 12 14 9 9 5 1 3 4 5 1 0 2 1 0 1 6 0 1 1 0 0 0 3 3 3 4 3 1 0 1 4 4 0 6 4 1 5 2 0 0 0 10 1 2 8 12 14 3 7 1 9
0 0 14 1 0 3 4 7 10 7 5 10 9 18 15 22 4 4 3 9 2 11 24 18 6 3 4 2 5 4 6 4 3 3 8 5 10 0 6 6 9 2 3 9 8 1 4 13 22 14 1 1 0 2 0 3 0 2 4 0 2 1 0 4 0 2 0 5 1 13 10 6 2 4 2 9 12 2 1 1 0 7 18 19 4 1 23 17 1 1 6 14 5 10 3 5
0 0 7 6 5 16 10 5 36 25 0 5 23 23 17 19 16 29 4 6 5 13 13 24 4 9 2 2 0 5 10 1 7 2 6 5 5 3 7 3 7 8 6 6 12 10 10 1 14 6 1 9 3 1 0 6 5 5 8 1 2 0 1 1 0 3 1 1 0 4 0 5 7 1 3 1 5 5 0 3 4 22 15 13 9 10 36 7 3 0 0 3 6 13 3 2
16 21 7 13 4 13 15 13 13 7 17 12 24 25 15 12 4 7 3 2 2 15 13 17 4 6 23 15 9 20 11 12 1 8 8 4 10 5 5 0 0 3 3 5 4 8 5 0 0 3 6 18 2 0 4 10 0 4 4 6 6 1 1 0 0 2 0 0 0 6 0 0 0 1 2 4 2 1 2 1 2 0 0 1 0 6 35 0 7 0 0 2 1 15 3 7
13 20 25 15 12 6 5 29 6 13 11 22 16 15 19 12 0 7 6 4 7 16 18 6 2 6 2 3 0 5 23 13 3 2 0 4 2 6 12 7 2 1 4 12 5 18 3 17 6 11 18 13 1 7 3 7 0 0 0 9 3 0 4 14 3 0 0 1 0 2 0 10 8 13 9 6 1 1 3 2 4 1 1 2 2 39 8 19 21 30 13 6 2 11 13 8
12 22 31 13 16 19 8 14 11 19 16 13 4 7 10 10 2 6 6 5 11 0 32 12 15 38 9 0 0 0 20 20 2 6 16 7 12 9 7 13 12 12 5 7 3 4 5 3 1 2 4 8 10 1 3 0 0 2 2 5 3 1 1 5 2 4 6 0 0 4 2 3 11 2 3 7 0 0 5 1 8 6 6 8 7 45 27 10 9 3 19 10 13 4 5 17
17 46 25 25 5 13 9 14 25 16 26 18 14 5 10 17 8 29 16 11 22 5 27 6 2 6 24 5 1 11 17 35 6 1 8 24 10 3 2 2 11 0 0 1 16 4 11 7 5 5 6 8 15 2 0 0 0 1 3 2 0 2 1 6 3 10 10 3 0 0 0 1 13 7 8 8 3 1 3 6 1 1 1 0 0 7 45 12 5 13 4 3 4 5 0 2
32 21 17 1 3 6 32 36 17 23 13 8 35 20 29 12 19 23 34 12 9 5 4 6 6 4 39 18 29 15 18 24 14 13 2 7 14 1 1 4 8 3 9 6 3 3 5 9 1 11 5 20 6 8 1 3 2 6 12 1 9 3 3 1 4 21 5 1 0 2 2 5 2 6 1 4 3 2 4 5 0 0 4 1 2 17 27 17 14 2 10 6 1 3 7 25
9 19 11 14 12 7 13 4 15 37 34 22 23 4 1 19 20 16 30 12 11 1 0 2 20 4 11 53 17 34 23 4 10 3 0 0 1 2 1 7 10 14 2 1 14 19 9 13 14 5 12 10 14 9 10 0 12 22 8 1 5 0 5 6 3 3 3 3 4 12 4 5 4 3 3 1 1 0 1 5 3 0 0 3 1 40 10 7 1 0 0 4 3 6 20 11
6 14 7 7 3 0 20 15 17 31 60 17 0 0 0 33 39 16 24 9 7 0 5 11 12 6 4 4 15 39 44 16 13 8 3 3 0 2 2 9 13 4 6 8 5 1 0 4 5 7 13 14 6 3 0 8 5 3 6 8 3 0 3 12 5 3 3 17 9 18 14 8 1 5 7 3 2 3 1 0 0 0 0 13 11 36 10 6 0 4 0 0 2 7 7 13
13 7 2 3 7 12 18 8 9 47 34 2 0 0 5 10 11 12 6 18 1 4 7 11 6 19 4 3 9 15 24 3 3 4 3 14 2 7 5 6 2 0 0 4 1 0 0 0 1 5 2 4 3 2 0 3 3 7 1 0 4 0 2 7 2 0 0 2 2 7 3 5 9 3 1 0 0 2 8 0 2 7 2 4 2 46 3 2 13 6 6 1 0 0 2 25
17 9 0 2 14 18 13 5 14 48 24 21 0 10 10 2 17 15 10 13 7 9 8 11 4 0 2 5 5 2 8 1 1 1 7 6 10 4 0 1 0 0 3 12 7 0 0 0 1 7 2 2 7 11 3 0 3 0 0 2 0 1 3 9 0 0 0 7 0 0 1 1 0 2 0 8 1 7 4 7 2 6 7 0 1 37 4 10 33 22 6 0 7 1 15 19
10 0 1 10 2 16 14 19 14 50 30 0 0 7 34 26 27 17 11 10 8 5 10 11 4 1 2 2 4 0 0 0 0 0 1 2 4 4 3 0 0 0 0 3 8 0 0 0 9 13 4 0 0 3 2 1 11 2 1 4 11 2 3 2 0 5 1 1 1 1 0 0 0 2 0 4 4 4 0 1 3 1 0 6 11 61 17 7 1 4 16 13 7 10 13 3
1 2 3 7 11 16 18 34 12 11 0 0 0 0 15 20 13 15 9 14 8 16 5 8 2 6 14 3 15 3 0 0 0 0 0 8 2 2 9 19 13 1 0 0 0 0 0 0 0 0 0 0 0 0 0 0 3 0 5 0 2 0 8 3 3 3 3 1 2 0 1 6 1 1 0 2 10 2 0 8 0 3 4 1 4 11 45 8 10 8 10 16 17 12 2 0
4 9 18 16 9 39 27 14 0 0 0 0 6 0 17 8 4 13 9 13 16 5 5 19 6 1 10 11 0 0 0 0 0 0 1 1 8 5 4 0 0 2 1 0 0 0 0 0 0 0 0 0 0 1 2 0 1 0 1 1 8 0 0 0 0 0 0 1 0 0 2 2 0 1 2 3 4 3 0 4 0 7 10 8 0 13 25 7 2 2 1 8 13 8 4 4
3 0 14 26 15 21 22 21 0 0 0 0 8 0 0 0 16 17 16 13 33 10 13 17 12 10 19 5 5 0 0 0 0 0 0 18 4 0 0 0 0 0 1 2 0 0 0 0 0 0 0 0 1 7 15 2 4 17 1 0 0 0 0 6 2 0 0 1 3 0 1 3 1 1 1 4 1 11 10 3 1 2 1 6 1 3 25 5 19 1 2 2 1 7 3 7
0 1 9 15 33 66 49 9 19 0 16 25 8 0 5 12 0 4 14 47 27 16 22 23 18 17 6 6 0 0 0 0 0 0 0 0 3 0 0 6 9 0 0 0 0 0 0 0 0 2 0 0 1 2 9 3 0 0 1 1 0 0 0 0 1 0 0 0 0 1 3 1 3 6 3 3 5 0 15 4 0 3 2 6 1 1 2 0 4 3 4 1 3 5 3 4
0 2 6 4 21 84 18 2 10 5 31 43 5 4 12 40 12 0 4 2 4 10 25 26 12 15 11 8 9 2 0 0 0 0 0 6 9 5 3 4 14 5 0 0 0 0 0 0 0 6 10 15 10 4 2 3 0 0 1 6 0 1 3 0 4 0 0 1 4 3 12 0 1 5 3 1 10 4 4 0 9 6 1 0 1 11 11 1 0 5 1 0 2 8 0 7
1 13 18 11 34 91 46 3 11 4 29 56 41 19 30 33 22 0 12 3 0 11 22 36 13 15 21 2 3 0 0 0 0 0 0 2 10 8 11 4 8 7 0 3 0 0 0 0 0 0 5 23 4 5 2 0 1 9 7 4 0 0 0 0 1 1 1 6 2 12 0 2 1 1 2 1 0 8 1 11 2 0 12 3 1 3 5 11 0 1 7 6 2 1 1 5
17 7 7 7 33 76 26 0 0 1 32 30 65 16 38 12 18 0 27 9 42 48 32 17 19 21 18 12 0 0 0 0 0 0 0 0 4 8 8 21 1 1 11 0 0 0 0 0 0 0 6 9 3 5 5 3 11 0 1 12 1 1 0 0 0 0 2 3 1 2 2 0 9 9 3 2 0 6 4 3 1 2 3 6 7 1 1 4 4 1 2 14 5 3 2 0
41 40 27 28 39 80 24 0 0 5 36 19 39 10 6 13 20 9 37 17 21 31 6 5 15 21 16 14 7 0 0 0 7 5 17 5 7 5 12 16 1 11 9 0 1 4 9 4 3 2 2 10 5 10 10 5 2 7 4 4 3 3 3 2 8 2 3 0 0 0 0 2 5 1 0 5 13 0 0 5 1 5 2 2 3 5 4 0 6 11 0 2 2 0 15 5
69 53 40 18 56 82 39 7 0 6 35 29 9 15 11 10 26 15 22 30 29 18 11 0 19 31 20 15 8 14 5 0 3 6 7 2 0 9 5 25 3 0 7 10 2 1 4 1 0 3 1 8 4 2 3 2 3 2 7 5 0 1 1 0 1 2 3 0 1 0 9 4 5 0 3 1 9 3 12 16 9 2 34 4 7 12 1 6 1 10 4 4 2 2 3 8
72 60 27 31 37 68 68 38 10 1 27 28 15 14 17 21 26 25 11 13 27 18 28 3 18 36 17 2 2 12 9 0 14 3 9 9 7 14 7 11 11 0 0 4 6 7 0 0 0 1 0 7 0 11 4 14 13 4 11 8 4 2 1 0 0 0 0 0 0 0 0 0 0 1 1 7 4 0 1 5 1 10 2 4 3 0 0 0 0 0 0 3 5 0 4 5
29 36 41 18 15 39 49 39 39 20 34 15 21 15 12 15 23 36 15 11 15 23 7 5 2 17 24 19 9 14 12 5 7 0 3 9 3 3 0 1 6 0 0 0 0 2 2 3 2 2 2 0 0 12 0 1 4 1 13 5 4 1 3 1 2 2 0 0 1 1 0 19 11 4 4 0 0 3 6 7 0 4 5 5 2 1 2 0 1 2 5 4 4 3 1 0
27 54 38 45 19 6 30 27 30 22 43 11 18 38 27 67 19 9 10 8 7 16 6 2 4 0 7 31 4 7 0 6 1 2 0 15 6 16 7 7 10 17 3 3 0 0 0 2 12 1 2 1 1 4 4 6 1 0 0 2 0 0 1 2 0 0 0 0 0 0 6 0 6 1 14 12 6 0 0 0 1 1 0 6 3 14 0 9 2 2 2 2 7 0 2 0
39 25 37 6 17 14 33 37 6 6 18 28 9 38 31 33 12 16 6 8 9 22 0 0 0 0 17 11 25 3 6 9 9 0 7 2 5 6 0 0 0 13 23 4 1 3 3 3 9 1 0 1 8 4 1 2 1 1 1 0 1 0 0 0 0 0 0 0 1 1 1 3 4 2 3 3 9 1 0 4 1 3 3 8 16 7 0 0 1 0 0 0 4 2 2 2
44 45 8 19 19 26 52 17 29 18 16 20 24 38 33 24 15 28 15 10 11 1 7 9 0 0 15 5 6 5 4 4 1 2 5 7 0 0 0 0 0 0 4 5 4 5 0 1 0 0 0 0 9 3 0 0 0 5 3 11 8 6 0 0 0 0 0 0 0 0 3 0 8 5 3 2 3 8 16 11 3 6 5 14 34 7 0 1 1 0 0 1 3 5 7 7
16 27 8 15 25 21 22 48 12 28 44 29 23 10 15 8 9 47 12 5 17 8 7 11 2 0 5 7 14 8 1 8 1 5 12 4 7 7 4 0 0 1 7 4 1 0 7 0 0 4 0 16 19 2 0 0 2 0 0 5 8 2 0 0 0 4 1 0 0 0 2 10 12 10 5 13 2 6 6 15 8 8 5 10 5 1 4 5 12 7 6 0 2 1 0 0
12 9 4 21 16 44 24 44 35 31 20 0 0 0 0 24 17 34 24 13 11 2 12 4 0 1 2 0 13 2 5 30 8 3 2 6 2 12 12 0 0 4 9 0 0 3 0 0 0 0 0 2 10 3 0 12 15 20 19 0 1 0 0 0 0 0 1 1 9 7 9 1 3 1 3 2 6 19 18 5 3 4 4 5 3 0 9 7 3 1 0 7 1 2 4 0
25 33 0 2 26 18 40 19 75 49 51 10 2 0 0 4 3 11 9 9 9 8 9 14 6 3 5 10 10 1 3 1 8 5 1 0 0 1 2 0 0 8 8 0 2 4 0 0 0 0 0 1 1 1 4 11 11 23 4 0 1 0 0 1 7 8 13 2 0 17 4 13 2 0 1 6 7 5 4 2 4 7 5 8 2 4 0 0 0 5 1 3 4 0 0 0
33 0 0 33 21 40 61 64 22 17 48 18 1 0 0 22 15 27 17 14 11 10 13 3 6 10 10 9 10 3 0 0 0 7 7 0 2 11 0 2 3 13 5 5 2 5 0 1 0 0 2 7 4 1 0 4 4 4 0 0 1 1 0 1 2 1 6 1 6 8 4 1 2 4 13 1 5 5 4 2 6 3 7 1 0 2 2 1 1 1 0 0 4 4 0 0
25 12 35 32 19 81 77 78 75 66 26 36 6 0 2 30 42 19 18 26 19 23 22 12 17 16 12 0 6 10 0 0 1 12 4 8 10 4 7 10 5 8 4 3 6 0 1 3 2 2 0 6 9 6 3 0 0 1 0 0 0 2 0 3 0 1 17 0 0 5 23 0 9 2 0 1 0 4 3 2 35 15 6 6 0 0 0 1 0 1 0 0 1 2 1 9
50 29 51 53 30 76 35 39 42 28 18 55 47 0 2 10 30 19 30 18 38 22 47 24 6 9 6 0 0 1 0 0 4 11 7 23 5 6 11 2 7 10 6 4 5 7 11 1 6 5 9 7 14 5 4 4 7 3 1 1 3 6 1 0 3 1 4 2 11 0 9 3 0 2 0 9 9 23 14 3 6 10 13 13 0 0 0 0 0 0 0 2 0 0 0 0
29 55 81 43 51 66 28 25 29 8 25 48 62 21 0 26 72 19 17 29 43 23 30 31 30 19 4 10 0 0 0 0 0 1 6 16 8 6 18 15 6 1 2 4 2 11 10 1 5 3 2 7 2 7 4 4 1 1 7 2 5 2 0 0 4 0 3 9 4 4 5 4 2 2 0 9 8 16 3 11 16 27 12 4 0 8 11 1 0 0 0 0 0 0 0 0
27 26 39 19 8 20 24 9 19 10 37 70 96 44 0 15 13 21 16 39 38 51 29 18 20 14 2 12 7 0 0 2 0 4 6 0 20 5 8 6 9 3 23 3 4 0 4 1 3 1 2 5 0 3 0 0 0 6 16 0 3 1 0 0 2 0 1 2 1 0 3 3 7 8 0 2 0 6 4 9 2 26 3 13 7 5 6 0 0 0 0 0 0 0 1 2
12 18 5 12 0 0 1 23 19 34 22 78 47 38 4 10 14 7 5 24 62 24 20 12 9 10 11 14 2 3 8 12 11 6 10 6 6 7 9 4 0 0 1 2 6 16 0 5 0 1 0 0 3 4 3 3 0 1 2 1 0 0 1 0 1 1 0 2 1 0 2 12 19 3 9 12 3 13 11 14 0 13 5 16 3 2 0 0 0 0 0 0 0 8 1 2
14 12 0 0 0 0 0 4 13 20 50 69 76 44 28 2 31 48 49 47 37 33 27 10 16 16 7 3 5 8 17 13 9 9 8 9 16 10 11 5 13 0 2 1 9 2 0 0 4 2 2 1 1 0 19 3 0 0 1 0 0 0 2 3 6 4 0 0 2 0 0 3 12 1 2 7 1 22 8 21 5 7 28 12 2 0 2 0 8 0 0 10 5 1 1 3
16 12 6 6 1 0 2 22 10 15 25 14 39 63 21 23 19 5 37 59 53 26 20 33 25 16 19 10 18 2 18 8 17 15 19 12 22 4 0 0 4 5 0 4 9 7 6 5 6 1 1 0 1 5 6 11 4 3 0 0 12 34 2 1 0 0 5 5 0 3 1 11 28 8 12 6 20 10 4 0 7 12 9 21 3 6 8 0 2 0 6 7 11 4 8 0
10 10 22 11 0 0 4 22 25 10 25 45 65 50 53 21 5 21 35 19 20 14 34 39 23 31 19 10 7 4 5 10 6 7 6 8 14 17 8 11 10 7 4 12 6 5 6 11 1 1 7 5 0 8 6 1 2 1 0 1 6 17 1 4 1 1 0 0 5 1 7 7 17 3 4 1 14 7 7 0 2 4 8 12 5 6 3 0 0 0 1 1 5 3 13 5
0 0 5 3 4 23 5 24 30 44 32 40 86 30 37 62 47 36 30 53 29 25 5 22 42 15 1 7 23 8 14 14 14 7 8 6 10 18 1 6 13 18 8 0 0 6 6 13 0 4 1 2 0 3 1 2 1 10 9 0 1 1 4 6 6 1 2 6 0 1 1 2 4 1 2 11 14 1 13 14 19 9 1 10 3 30 2 0 0 4 2 3 2 1 4 4
14 28 22 21 31 21 18 18 9 1 1 48 62 22 56 38 58 48 5 1 2 37 0 7 39 30 33 21 33 15 7 11 14 20 14 8 9 8 4 10 5 10 17 1 2 0 0 24 9 23 2 3 5 20 5 1 9 2 0 1 0 2 5 0 0 0 0 5 3 4 2 3 7 8 8 8 14 1 0 1 3 0 9 2 5 2 1 1 1 0 13 3 2 2 2 2
49 23 28 39 17 21 21 4 6 1 30 44 46 30 15 31 39 42 52 5 11 11 20 24 19 15 23 37 25 12 12 6 9 12 27 21 11 7 5 5 16 3 6 4 21 4 0 6 8 35 15 0 0 6 3 0 3 7 0 1 1 0 4 1 0 1 0 1 0 0 4 11 1 8 7 3 10 3 0 2 21 0 3 11 7 1 10 1 1 0 10 12 8 3 7 5
18 25 15 12 7 18 17 1 0 5 14 15 72 32 21 10 16 28 16 0 0 0 4 27 61 42 32 14 17 7 15 8 17 40 14 30 13 21 6 14 8 8 7 6 7 5 3 0 5 2 5 2 1 8 3 4 7 7 2 1 0 1 1 0 1 0 5 3 20 2 0 1 3 19 0 4 3 0 0 11 5 0 8 18 1 1 0 0 3 9 15 13 8 5 5 7
17 2 0 0 12 7 2 1 10 5 5 23 65 35 24 14 33 19 9 5 0 0 0 4 6 9 28 8 11 20 26 3 18 21 26 17 17 4 7 7 6 1 13 0 6 6 2 12 0 0 0 10 21 6 6 1 1 8 11 7 0 2 1 0 3 0 1 0 6 1 4 2 5 2 2 13 6 9 1 3 3 1 1 5 0 1 0 0 0 3 1 8 4 4 2 7
20 16 11 0 0 0 0 0 0 0 0 7 25 35 34 13 18 18 43 27 21 5 0 10 23 35 37 32 30 13 31 31 22 34 21 18 18 16 3 10 9 11 7 13 7 0 3 9 8 3 2 4 1 9 2 2 0 1 12 3 4 4 12 5 1 0 1 2 0 3 2 0 5 12 13 0 0 0 4 2 1 5 2 9 5 0 0 0 0 0 6 6 16 2 0 2
3 6 0 0 0 0 0 0 0 1 5 6 16 10 11 14 33 26 48 28 4 0 0 2 0 9 26 16 3 12 21 30 20 45 47 18 10 30 17 4 9 2 2 4 5 7 7 7 3 3 3 1 1 5 4 2 3 0 4 7 0 1 12 1 9 0 0 0 0 0 2 13 0 15 0 0 0 7 1 2 6 1 10 2 26 2 4 0 20 15 0 2 6 15 4 0
0 0 0 0 0 0 0 0 0 7 8 13 35 26 23 23 10 29 40 1 0 0 0 0 4 19 7 8 22 33 30 12 7 16 13 14 3 18 16 5 3 10 5 6 14 5 2 12 9 8 9 11 12 0 6 5 9 25 16 13 0 0 4 9 5 4 1 1 2 0 1 2 1 1 0 2 0 3 0 9 1 1 5 13 1 1 6 5 2 4 29 11 9 7 0 7
0 0 0 0 0 0 0 0 7 10 30 9 17 5 26 2 11 24 59 0 0 0 1 0 27 28 14 37 1 7 12 23 33 16 8 6 23 15 12 4 13 12 10 5 10 5 11 21 0 5 15 31 29 6 0 3 2 8 19 44 10 1 2 10 1 0 0 1 0 0 1 19 2 0 4 14 1 0 2 4 2 4 23 9 3 17 2 15 21 10 10 37 20 3 4 0
0 0 0 0 0 0 11 25 14 19 17 10 32 25 16 11 0 0 32 4 0 2 1 14 24 21 43 11 4 16 12 7 0 0 19 13 15 15 21 27 20 8 7 18 10 6 16 7 17 1 3 20 2 2 3 2 12 3 3 25 8 0 0 0 7 6 2 0 0 2 7 18 1 3 1 12 0 0 3 8 10 9 0 1 1 7 0 13 7 5 3 17 9 7 6 5
0 0 0 0 0 0 23 19 9 0 0 8 37 17 7 8 0 0 19 2 0 0 36 11 55 26 38 24 10 13 0 0 2 1 18 4 4 20 16 19 15 30 10 14 12 16 7 1 12 2 4 13 0 2 2 5 1 1 2 0 0 0 0 0 0 26 27 6 6 6 0 0 0 24 7 3 3 9 2 10 10 6 20 9 3 0 1 12 4 6 0 0 13 10 24 8
0 0 0 0 6 4 5 12 8 0 0 9 16 9 23 10 24 42 15 13 7 25 50 47 18 21 22 34 32 9 0 0 7 15 17 0 9 39 11 26 1 13 14 19 14 18 9 3 12 17 4 5 8 2 4 5 2 8 1 2 0 0 0 4 9 7 15 8 5 12 5 5 3 10 13 2 14 8 10 10 3 6 4 5 4 3 1 4 4 1 9 0 11 6 19 3
0 0 0 0 0 4 0 0 0 0 0 4 3 26 66 38 18 11 15 19 6 5 7 28 27 24 4 3 0 0 0 0 0 0 7 6 5 11 2 9 13 10 3 12 13 8 12 3 1 4 18 7 1 3 2 7 3 0 1 7 13 1 7 7 4 6 1 2 1 5 2 4 6 1 12 11 4 6 8 8 5 3 0 10 0 0 1 1 7 4 9 10 20 4 3 7
0 0 0 0 0 0 5 2 0 0 0 0 8 5 36 33 10 9 16 11 26 4 14 22 0 0 0 0 0 0 0 0 2 0 0 0 0 1 29 23 24 15 10 12 4 7 12 11 9 1 0 4 6 3 1 6 11 1 1 2 10 2 7 3 5 12 1 10 3 6 3 0 1 2 5 4 0 0 3 15 8 17 7 8 1 15 10 1 2 6 3 2 3 0 0 8
0 0 0 0 0 3 5 2 0 0 0 3 10 15 22 9 5 11 9 9 40 77 49 3 0 0 0 0 0 1 0 6 5 19 0 0 1 7 44 6 7 15 5 19 25 7 22 31 5 7 0 1 8 8 8 0 1 1 15 11 1 11 14 7 6 5 14 2 1 0 3 0 0 0 0 0 2 1 15 3 6 7 18 12 1 0 0 12 9 4 13 1 1 2 0 1
0 0 0 0 0 0 0 0 0 1 0 0 19 19 14 20 15 4 19 7 36 75 41 43 1 0 0 0 1 8 0 0 11 10 47 0 1 4 7 1 9 17 6 3 11 19 23 17 4 8 5 4 10 8 18 5 0 0 2 0 0 1 3 1 1 5 25 1 1 2 1 2 3 0 0 3 1 2 0 7 0 9 10 6 12 3 1 6 0 9 7 0 0 6 6 0
0 0 0 0 0 0 20 25 2 0 7 2 36 26 8 20 11 14 9 1 10 13 43 87 57 3 2 1 4 29 21 4 25 18 17 0 0 0 0 11 23 33 9 9 17 11 0 6 2 2 10 2 9 15 13 11 2 7 2 0 3 6 4 4 10 5 8 6 7 6 12 4 0 0 3 0 0 1 0 4 9 30 7 2 12 4 1 1 0 8 6 3 4 4 4 0
0 0 0 0 0 0 25 28 9 15 6 6 40 48 38 13 14 9 14 6 11 19 13 15 20 9 1 0 6 0 15 10 13 16 58 28 0 0 0 2 27 30 37 27 48 10 15 3 13 5 0 0 4 7 3 11 0 7 0 0 0 1 3 22 1 3 5 4 4 6 2 3 1 5 1 1 2 8 2 0 2 4 30 8 13 0 1 0 1 0 0 2 9 5 2 0
0 0 0 0 0 0 8 3 1 14 26 21 57 45 50 37 14 24 18 9 16 16 6 14 1 5 6 0 28 1 7 21 13 19 36 20 6 0 11 6 5 4 10 13 12 9 7 1 15 4 0 0 2 2 2 4 0 0 0 0 0 8 1 4 0 1 2 1 0 0 12 2 10 3 6 14 12 2 4 17 0 2 6 10 0 3 3 0 1 5 5 5 5 9 6 5
0 0 0 0 0 10 15 4 2 4 12 26 30 17 28 58 8 28 29 5 4 40 4 1 0 0 1 5 0 33 17 2 12 29 6 4 0 1 0 4 10 19 19 2 22 8 11 2 0 0 0 0 0 0 0 0 0 3 8 2 0 1 4 2 0 3 2 4 2 1 2 4 0 0 0 27 5 5 1 1 7 7 2 1 3 4 0 0 1 3 0 0 1 4 9 2
14 0 0 0 0 0 3 13 14 9 6 13 11 46 21 73 35 37 43 23 0 0 8 5 1 10 16 29 44 44 22 7 0 14 28 1 0 8 25 22 34 30 13 12 11 2 14 14 0 0 1 1 0 0 0 0 0 2 5 0 0 7 3 1 10 3 6 4 2 9 0 3 7 7 0 16 10 11 1 2 1 3 2 7 2 18 6 4 0 1 3 0 1 2 0 0
17 0 0 0 0 0 0 1 10 5 8 12 7 11 25 27 25 45 36 24 13 14 86 31 20 27 8 19 27 16 37 43 15 22 43 12 0 14 17 20 30 20 43 6 25 12 4 8 0 0 1 1 0 0 0 1 0 0 1 15 12 5 0 2 4 3 0 2 3 0 2 3 4 1 0 0 17 6 8 5 6 8 3 0 5 1 9 8 0 2 1 2 4 1 12 5
0 0 0 0 0 0 0 0 1 3 3 0 9 20 23 12 17 9 31 11 1 11 55 67 17 0 17 11 29 0 3 8 19 4 19 36 0 5 37 46 14 11 15 16 18 6 2 1 5 0 0 1 0 0 1 1 10 8 12 19 20 0 3 1 6 2 0 5 2 1 0 1 1 0 1 9 7 2 7 14 0 8 12 14 2 10 10 2 5 0 0 0 4 1 0 0
