Data/Land Cover 1km/FME_656D6600_1589209169783_10689/temp/lcm2007_aggregate_classes_1km_gb_5.asc
ncols 700
nrows 1300
xllcorner 0
yllcorner 0
cellsize 1000
[rows 608 to 683 of 1300, columns 288 to 383 of 700]
0 0 0 0 0 0 7 4 2 1 9 10 4 12 2 6 4 25 32 34 6 16 6 3 0 6 1 5 2 3 3 9 3 2 8 9 9 0 3 1 0 0 0 0 0 0 0 0 0 0 0 0 0 0 0 0 0 0 0 0 0 0 0 0 0 0 0 0 0 0 0 0 0 0 0 0 0 0 0 0 0 0 0 0 0 0 0 0 0 0 0 0 0 0 0 0
0 0 1 1 0 2 1 10 2 14 14 11 20 24 3 4 5 5 11 9 0 4 3 17 2 15 17 2 3 3 27 10 4 5 7 9 3 4 8 3 0 0 0 0 0 0 0 0 0 0 0 0 0 0 0 0 0 0 0 0 0 0 0 0 0 0 0 0 0 0 0 0 0 0 0 0 0 0 0 0 0 0 0 0 0 0 0 0 0 0 0 0 0 0 0 0
1 0 0 0 2 9 2 0 10 10 11 8 4 5 1 3 14 11 12 0 0 12 15 6 1 12 8 3 2 5 25 17 2 2 3 11 7 3 0 3 0 0 0 0 0 0 0 0 0 0 0 0 0 0 0 0 0 0 0 0 0 0 0 0 0 0 0 0 0 0 0 0 0 0 0 0 0 0 0 0 0 0 0 0 0 0 0 0 0 0 0 0 0 0 0 0
5 0 0 8 1 1 3 0 0 3 8 22 8 5 4 2 6 0 17 6 0 8 4 0 0 3 0 10 14 1 16 19 9 20 12 20 22 5 1 1 0 0 0 0 0 0 0 0 0 0 0 0 0 0 0 0 0 0 0 0 0 0 0 0 0 0 0 0 0 0 0 0 0 0 0 0 0 0 0 0 0 0 0 0 0 0 0 0 0 0 0 0 0 0 0 0
2 2 0 0 5 1 1 0 0 0 11 0 8 0 1 3 14 0 3 15 8 0 0 0 4 1 1 2 12 11 11 28 24 22 22 22 22 22 9 2 0 0 0 0 0 0 0 0 0 0 0 0 0 0 0 0 0 0 0 0 0 0 0 0 0 0 0 0 0 0 0 0 0 0 0 0 0 0 0 0 0 0 0 0 0 0 0 0 0 0 0 0 0 0 0 0
0 9 5 0 0 2 3 3 6 0 0 1 8 2 3 2 0 19 25 2 3 0 0 0 2 2 4 0 11 6 4 7 8 5 12 6 28 15 2 0 0 0 0 0 0 0 0 0 0 0 0 0 0 0 0 0 0 0 0 0 0 0 0 3 0 0 0 0 0 0 0 0 0 0 0 0 0 0 0 0 0 0 0 0 0 0 0 0 0 0 0 0 0 0 0 0
0 0 4 1 0 0 0 11 6 1 0 5 25 6 0 1 3 21 21 1 1 1 1 21 0 6 4 13 16 5 8 3 3 0 0 0 0 0 0 0 0 0 0 0 0 0 0 0 0 0 0 0 0 0 0 0 0 0 0 0 0 7 55 33 4 4 7 0 8 3 9 0 0 0 0 0 0 0 0 0 0 0 0 0 0 0 0 0 0 0 0 0 0 0 0 0
3 5 4 0 0 0 0 0 0 0 0 0 0 0 0 1 3 2 10 1 4 0 1 0 2 1 4 4 6 2 7 0 0 0 0 0 0 0 0 0 0 0 0 0 0 0 0 0 0 0 0 0 0 0 0 0 0 0 0 0 2 29 54 4 0 0 3 8 1 1 0 0 7 3 0 0 0 0 0 0 0 0 0 0 0 0 0 0 0 0 0 0 0 0 0 0
0 0 0 0 2 0 0 0 0 0 0 0 0 0 0 0 0 0 2 6 1 1 0 0 0 0 0 0 0 0 0 0 0 0 0 0 0 0 0 0 0 0 0 0 0 0 0 0 0 0 0 0 0 0 0 0 0 0 4 7 4 4 2 2 0 0 0 3 0 4 0 1 0 5 0 0 0 0 0 0 0 0 0 0 0 0 0 0 0 0 0 0 0 0 0 0
1 5 1 1 6 1 1 7 0 0 0 0 0 0 0 0 0 0 0 0 0 1 0 0 0 0 0 0 0 0 5 4 0 0 0 0 0 0 0 0 0 8 0 0 0 0 0 0 0 0 0 0 0 0 0 0 0 0 43 59 3 0 0 0 0 1 2 1 10 7 2 20 0 2 5 0 0 0 0 0 0 0 0 0 0 0 0 0 0 0 0 0 0 0 0 0
4 1 1 0 0 0 0 2 3 0 0 0 0 0 0 0 0 0 0 0 0 0 0 0 0 0 0 0 0 0 0 0 0 0 0 0 0 0 0 0 0 0 0 0 0 0 0 0 0 0 0 0 0 0 0 0 0 0 35 44 10 6 4 4 2 1 2 15 13 3 2 15 20 7 6 5 0 0 0 0 0 0 0 0 0 0 0 0 0 0 0 0 0 0 0 0
0 0 0 0 0 0 0 0 0 4 0 0 0 2 2 0 0 1 0 0 0 0 0 0 0 0 0 0 0 0 0 0 0 0 0 0 0 0 0 0 0 0 0 0 0 0 0 0 0 0 0 0 0 0 0 0 8 31 11 11 13 6 0 1 17 0 7 1 1 6 10 1 1 5 8 4 0 0 0 0 0 0 0 0 0 0 0 0 0 0 0 0 0 0 0 0
0 0 0 0 2 1 0 7 0 0 6 6 9 0 4 3 6 12 0 2 2 1 0 0 0 0 0 0 0 0 0 0 0 0 0 0 0 0 0 0 0 0 0 0 0 0 0 0 0 0 0 0 0 0 0 0 15 40 6 0 1 0 0 3 3 0 3 4 0 1 2 1 1 22 11 0 18 6 1 0 0 0 0 0 0 0 0 0 0 0 0 0 0 0 0 0
8 1 17 2 2 1 1 6 7 6 7 0 2 4 0 2 11 35 2 8 13 1 0 0 0 0 0 0 4 1 0 0 0 0 0 0 0 0 0 0 0 0 0 0 0 0 0 0 0 0 0 0 0 0 0 0 0 4 0 1 2 7 10 0 1 1 2 2 2 0 5 1 1 1 0 5 11 12 10 8 0 6 4 0 0 0 0 0 0 0 0 0 0 0 0 0
13 3 6 6 7 0 4 2 3 8 2 5 1 5 1 0 13 11 8 7 2 0 1 1 4 2 8 1 3 7 0 0 0 0 0 0 0 0 0 0 0 0 0 0 0 0 0 0 0 0 0 0 0 0 0 0 14 0 0 1 0 1 1 6 0 4 1 2 2 3 3 3 0 0 0 1 2 1 1 0 0 19 15 3 9 0 0 0 0 0 0 0 0 0 0 0
13 32 46 23 41 11 9 3 2 2 14 0 5 12 1 12 2 0 4 5 2 7 5 11 28 8 10 4 4 2 0 0 0 0 0 0 0 0 0 0 0 0 0 0 0 0 0 0 0 0 0 0 0 0 1 27 4 3 1 1 6 2 24 26 2 0 4 0 1 4 4 16 1 0 0 0 3 42 4 1 12 6 13 6 19 3 0 0 0 0 0 0 0 0 0 0
7 21 40 38 18 15 8 5 4 3 2 0 13 11 11 5 9 1 2 1 2 5 7 5 5 1 2 1 9 10 1 0 0 0 0 0 0 0 0 0 0 0 0 0 0 0 0 0 0 0 0 8 1 1 12 1 2 0 0 0 2 5 15 9 0 0 2 2 11 15 4 13 0 11 5 6 6 2 5 6 4 12 11 40 7 6 0 0 0 0 0 0 0 0 0 0
37 47 28 27 40 19 26 0 3 10 16 6 3 12 20 7 1 4 7 0 3 15 8 12 1 2 20 35 7 14 0 0 0 0 0 0 0 0 0 0 0 0 0 0 0 0 0 0 0 0 0 1 9 7 7 1 1 0 4 6 2 6 3 0 18 4 3 2 0 5 8 3 4 5 3 8 3 6 1 0 2 5 21 5 0 1 0 0 0 0 0 0 0 0 0 0
29 6 34 5 16 28 14 7 1 10 12 13 2 34 25 27 24 29 5 4 9 7 7 20 3 32 22 8 16 18 2 0 0 0 0 0 0 0 13 9 0 0 0 0 0 0 8 25 9 8 8 5 8 10 9 3 2 0 1 1 4 4 1 2 14 7 3 1 0 8 8 0 11 2 0 9 18 9 11 4 8 3 0 7 9 7 3 0 0 0 0 0 0 0 0 0
10 22 14 8 11 13 20 2 2 35 10 16 4 7 16 20 2 15 8 1 1 2 12 3 2 14 17 5 22 2 0 0 0 0 0 0 0 0 1 15 0 0 0 0 0 0 3 4 2 4 0 1 0 0 1 8 4 0 4 1 8 5 2 10 9 3 5 2 4 13 8 2 16 8 14 29 25 11 15 31 4 2 6 11 41 16 6 0 3 3 0 0 0 0 0 0
6 22 24 22 30 9 16 8 7 0 42 8 0 5 21 10 4 25 10 16 0 1 1 5 13 18 0 4 14 4 0 0 0 0 0 0 0 0 0 1 9 6 19 5 7 4 7 0 0 4 0 1 0 0 0 5 0 5 3 1 1 0 5 3 7 0 2 2 4 6 3 6 13 13 51 38 59 36 36 52 11 6 15 49 42 11 2 2 9 3 3 0 0 0 0 0
4 7 25 42 15 11 27 21 8 4 41 11 0 7 16 12 17 8 7 20 5 2 3 3 2 7 13 13 6 2 0 0 0 0 0 0 0 0 8 1 15 19 26 5 0 6 4 7 2 3 0 1 0 3 6 0 8 4 0 1 1 1 2 5 8 0 4 3 3 3 12 13 39 13 21 16 17 8 50 44 33 26 35 21 32 17 16 5 4 4 3 6 19 16 4 0
14 47 39 50 18 2 11 13 5 3 17 24 6 3 5 1 2 0 4 19 3 8 3 5 5 3 3 14 8 0 9 7 0 0 0 0 0 9 21 0 11 10 16 6 3 1 28 5 2 14 1 5 2 0 1 3 0 3 1 0 5 0 1 3 1 2 17 3 12 13 15 16 13 16 4 0 2 20 40 53 41 7 27 34 34 10 4 3 17 13 1 2 8 10 26 35
3 7 78 62 14 1 2 10 6 7 12 6 7 1 3 2 0 0 0 2 0 0 0 1 3 8 61 22 2 0 11 15 4 1 1 0 0 0 10 0 0 3 11 0 4 5 18 3 8 4 1 6 7 12 2 0 2 0 1 0 3 0 2 1 2 6 2 0 6 2 3 19 27 28 3 1 8 53 73 56 28 1 6 1 11 18 26 5 9 3 26 28 22 10 16 15
23 7 25 24 48 8 9 33 9 15 12 11 12 18 30 1 0 0 0 0 0 0 10 9 19 15 19 2 3 0 8 14 9 19 26 25 10 8 10 5 0 21 16 5 2 2 5 0 0 1 0 2 4 37 4 0 2 1 2 2 1 0 3 2 22 6 3 0 2 7 7 13 40 5 1 3 29 40 21 40 40 2 8 2 1 26 19 16 10 10 6 8 5 1 23 19
28 24 14 25 45 17 14 32 20 14 0 18 33 10 13 5 1 0 0 6 6 21 8 3 4 27 13 4 9 3 0 10 41 50 54 64 35 10 16 5 3 18 21 19 1 7 8 0 0 0 0 2 0 1 1 0 1 8 0 1 5 0 3 7 4 8 5 17 1 7 25 37 7 2 12 35 46 90 46 26 32 5 15 11 23 38 27 11 13 12 16 2 6 7 13 18
60 10 14 55 19 14 3 3 14 15 7 18 10 9 7 6 5 0 5 4 10 4 2 2 23 22 11 9 4 0 2 29 67 71 28 52 39 10 5 1 5 7 2 2 5 5 10 0 0 0 6 5 1 0 0 2 9 2 0 1 2 1 0 10 17 15 8 17 7 53 61 15 5 7 16 46 69 24 4 38 34 33 5 31 36 23 3 5 10 10 30 19 17 6 11 8
22 26 9 8 3 5 6 5 13 31 13 12 13 23 14 22 4 1 10 9 9 3 2 15 6 13 8 7 5 2 23 40 78 45 47 31 1 2 6 15 8 4 7 2 3 0 3 0 0 5 7 3 1 0 0 0 4 0 0 2 0 3 20 25 14 5 2 9 39 64 8 0 0 8 77 75 37 53 17 44 38 58 38 57 36 39 14 21 11 33 28 10 20 19 16 11
4 30 30 5 2 0 7 34 10 10 5 8 19 16 8 8 28 5 4 4 51 28 36 35 12 35 16 7 3 46 30 4 33 27 32 2 4 7 10 7 2 4 0 1 4 0 0 1 3 6 14 3 1 1 0 2 13 6 2 1 5 6 29 38 27 31 46 21 45 12 1 0 2 13 58 54 48 30 26 34 50 45 28 13 3 8 3 12 16 17 6 12 10 0 1 7
18 22 3 0 1 1 15 31 22 8 5 9 7 4 5 29 19 17 32 51 45 52 40 21 14 55 16 17 28 43 21 38 42 76 27 5 0 1 6 3 4 6 2 1 4 4 6 25 14 9 3 8 4 4 7 3 2 2 3 7 4 11 18 2 4 16 31 43 21 5 1 0 5 5 5 52 68 52 6 18 17 27 70 3 1 13 21 6 9 2 3 6 4 0 5 2
14 4 0 5 2 18 46 16 17 7 27 3 0 16 9 21 10 11 3 19 18 39 56 30 1 7 3 3 0 24 52 37 40 40 32 17 6 6 4 9 8 13 0 3 1 10 2 3 11 11 4 4 6 5 1 1 0 3 1 0 16 36 7 0 7 6 7 6 0 0 0 0 1 3 4 21 27 8 10 26 17 14 50 11 10 13 29 30 20 4 7 23 11 4 11 14
62 37 46 25 22 6 9 8 7 21 13 9 6 5 10 29 4 23 6 8 12 30 9 2 1 1 1 0 17 82 62 42 20 19 0 0 1 1 0 0 4 9 5 5 3 2 8 2 5 14 3 5 0 2 3 3 1 4 10 22 23 30 1 13 3 14 0 0 0 0 0 0 0 0 3 46 0 1 15 36 38 11 7 16 21 27 29 28 12 21 20 19 21 20 5 0
2 18 21 16 15 26 60 40 2 0 2 5 6 6 11 2 0 0 1 3 2 17 0 1 5 0 5 36 90 90 28 32 7 13 4 1 4 47 10 8 17 5 0 3 1 2 0 6 8 9 13 1 5 7 12 3 13 11 25 15 19 15 48 18 9 3 1 0 0 0 8 0 4 2 0 2 17 23 47 36 32 25 24 34 14 22 14 11 44 28 10 19 24 3 2 3
0 10 53 24 6 38 53 17 0 1 0 4 4 1 0 0 0 0 12 32 1 0 23 0 0 0 21 75 86 56 24 26 13 8 6 6 11 20 13 18 42 3 1 17 38 0 0 4 6 6 25 3 6 25 6 0 7 47 36 9 29 24 59 41 26 47 1 0 0 0 0 3 14 14 42 15 43 55 44 49 51 40 57 47 34 28 10 6 7 23 7 18 7 10 1 0
33 22 16 6 0 24 27 0 0 0 15 53 39 8 11 19 21 15 0 0 0 3 1 1 1 4 61 72 60 8 12 25 7 13 19 22 8 21 4 21 24 15 7 11 17 1 22 7 9 2 3 7 3 25 30 3 31 33 37 26 43 39 21 50 58 62 11 5 0 0 0 0 9 0 43 42 24 32 25 37 52 43 34 36 1 30 18 3 4 0 5 10 0 3 0 0
2 0 16 24 1 1 2 8 0 14 43 50 11 22 6 4 34 54 54 0 2 3 0 21 5 12 45 74 40 35 20 13 0 1 4 14 10 14 17 13 45 13 9 3 2 4 9 16 0 6 27 11 18 36 28 42 24 0 40 36 51 58 33 24 52 52 19 11 3 1 3 0 0 0 1 21 41 31 26 28 8 5 22 13 24 52 25 41 14 0 5 3 1 1 1 3
7 18 40 31 23 25 13 6 29 30 32 31 15 16 11 30 31 8 22 3 0 0 0 13 16 39 56 48 25 21 23 0 0 0 17 20 9 45 27 30 48 6 32 2 14 19 24 30 57 26 45 15 21 42 32 43 12 6 34 26 26 23 37 33 53 67 42 0 1 3 1 3 8 0 3 6 16 18 16 51 32 3 10 24 39 49 41 21 5 4 0 9 6 2 12 5
5 42 0 1 32 11 19 15 18 21 42 12 14 15 13 60 9 1 2 0 3 0 49 46 48 89 75 29 33 9 3 0 17 30 24 18 40 34 21 22 7 35 22 45 8 18 51 60 33 25 26 17 10 34 39 20 9 0 18 54 12 24 11 45 55 93 37 3 22 4 12 1 24 0 10 35 11 0 16 6 0 1 0 32 41 22 22 27 20 5 6 2 11 8 14 20
36 64 4 25 23 2 6 18 18 41 26 18 0 3 23 12 13 1 0 1 8 1 23 72 75 41 23 18 21 2 3 14 7 20 17 29 32 42 4 9 7 1 8 72 50 66 79 64 41 66 22 19 22 48 18 64 27 8 25 41 30 17 25 9 23 49 33 37 0 8 35 27 2 7 3 50 41 23 43 18 13 0 6 1 2 38 47 17 28 10 1 19 15 9 4 14
75 75 31 34 24 11 15 16 35 53 26 10 4 10 26 71 8 8 0 1 7 9 17 27 57 51 15 6 42 4 7 14 24 31 12 10 21 47 12 49 33 21 32 39 71 84 84 53 50 27 17 42 38 37 25 49 64 28 35 35 34 11 7 7 16 77 73 26 0 11 71 57 8 20 38 16 32 56 44 30 37 18 20 4 27 12 10 3 9 12 0 8 9 3 6 17
4 24 14 22 9 31 5 9 9 20 27 10 19 62 5 7 10 10 0 0 7 26 42 62 32 30 15 14 16 7 32 28 75 6 8 31 16 13 39 80 77 33 60 26 73 89 79 50 50 40 39 53 42 15 19 32 18 20 75 36 41 11 6 13 4 23 41 5 0 56 80 68 76 38 6 24 22 30 55 35 76 46 40 18 30 7 8 1 0 6 1 1 2 10 13 0
30 19 21 7 1 13 7 22 14 19 21 8 27 40 3 2 32 49 2 16 1 36 57 89 66 16 22 25 11 24 13 15 22 22 20 62 20 8 60 75 66 49 18 30 89 93 92 66 53 67 29 59 52 56 33 65 28 38 47 52 28 33 14 15 16 0 15 44 71 97 75 37 22 21 25 36 10 33 62 69 42 28 3 0 2 11 0 4 14 24 5 2 7 8 0 8
7 0 11 3 7 13 9 9 44 12 9 4 75 34 1 22 45 48 30 21 19 41 10 66 35 16 6 12 31 12 25 8 1 13 35 51 7 1 54 56 24 45 21 27 49 47 100 80 55 19 50 75 57 43 21 15 19 11 35 53 55 61 7 10 25 13 24 39 59 65 34 25 34 16 12 11 18 65 76 52 23 22 2 0 0 7 3 19 4 3 5 1 0 0 1 18
7 4 5 5 17 23 38 12 27 14 28 22 11 25 17 15 15 20 21 24 11 46 21 18 26 2 7 8 16 19 62 89 1 23 29 18 5 22 76 47 7 45 49 23 8 8 57 32 36 18 27 90 48 12 8 13 33 22 18 33 33 60 16 45 21 18 13 29 28 25 34 16 19 13 22 35 3 67 78 28 77 34 30 0 0 13 32 12 3 0 0 0 4 2 0 0
10 0 6 0 36 17 37 36 19 8 17 16 12 4 11 17 5 26 16 20 17 30 29 21 18 11 1 4 13 76 71 59 1 7 12 10 9 38 90 35 4 31 4 1 0 5 38 11 1 1 21 57 50 9 34 32 19 19 59 66 52 35 61 19 5 21 5 12 35 30 6 5 8 22 24 10 32 11 32 41 20 36 11 2 10 13 10 7 6 1 0 0 0 0 0 1
8 5 13 13 29 46 30 19 30 30 12 5 10 5 28 34 18 18 17 62 44 24 23 21 16 25 5 4 75 66 80 23 12 29 21 19 25 53 73 43 0 7 1 0 0 24 52 35 0 3 32 77 61 35 28 20 19 36 19 13 42 7 8 30 48 4 10 19 46 21 37 19 5 35 10 2 40 46 6 20 17 53 12 2 10 18 11 1 2 2 0 1 1 0 0 2
3 2 6 9 25 10 14 20 21 8 25 20 4 23 14 4 4 3 24 40 43 7 9 16 19 30 8 15 74 93 72 2 7 18 43 30 37 82 39 17 0 2 0 2 1 42 80 44 0 11 69 64 66 34 56 77 34 26 20 49 39 10 25 26 33 0 0 10 21 0 0 19 4 5 4 14 44 38 10 2 12 38 27 12 1 1 0 0 0 1 2 0 0 4 7 0
6 5 18 22 4 9 15 4 8 17 34 20 21 18 8 11 15 12 39 26 10 2 8 8 5 11 14 51 57 74 85 13 3 0 9 19 24 80 34 3 0 0 7 8 23 56 77 54 0 10 25 4 70 15 43 43 56 10 16 45 62 24 48 13 36 9 5 7 8 5 16 19 7 23 12 6 12 46 16 24 51 48 34 2 0 5 1 2 1 6 3 4 6 0 0 1
0 28 40 9 11 3 18 10 1 8 2 0 3 9 4 7 11 3 10 2 12 7 17 9 35 6 13 49 40 48 80 56 12 30 45 42 44 42 63 0 4 59 52 16 49 92 68 35 5 0 14 3 25 24 41 46 21 19 64 48 36 46 34 7 11 19 5 19 6 0 9 7 23 11 6 1 15 21 6 18 21 4 0 1 5 14 5 0 0 0 22 5 3 0 1 0
5 9 22 15 2 3 16 6 1 6 1 8 7 11 3 5 10 20 18 2 46 25 5 81 52 2 21 28 44 32 77 68 90 80 53 70 30 23 10 4 4 0 12 36 47 51 75 36 41 83 23 14 26 23 62 54 10 39 50 37 42 21 13 11 20 21 15 4 13 6 19 4 23 15 23 22 11 37 10 47 29 20 10 1 6 7 1 8 11 0 1 3 8 5 2 1
0 11 6 10 2 15 11 34 10 2 7 4 23 7 10 9 5 54 45 20 29 17 42 98 84 21 42 28 58 46 36 36 38 91 78 26 20 18 20 4 0 0 0 24 30 55 75 40 59 80 39 26 26 0 36 43 4 27 36 18 34 24 14 9 5 41 15 13 11 22 1 0 3 7 21 29 33 4 7 17 12 18 23 9 17 1 5 0 9 1 3 3 1 5 4 1
4 15 18 13 11 27 36 56 5 3 1 4 7 4 10 32 44 51 45 19 48 6 72 99 99 74 42 42 31 75 53 19 44 42 35 20 24 0 19 30 17 48 50 57 73 42 0 4 5 43 13 39 15 20 43 72 22 26 52 50 34 14 32 10 23 18 50 12 16 8 6 0 7 0 1 2 20 8 26 5 8 14 12 7 0 3 4 6 2 0 1 0 4 1 7 2
4 15 14 13 36 43 13 22 8 1 7 10 8 26 73 23 32 25 7 7 8 26 47 88 72 51 75 49 20 68 46 23 26 13 27 18 3 2 1 20 24 55 40 48 57 27 1 36 14 45 46 29 12 64 31 24 10 6 25 78 54 44 19 14 8 15 5 19 8 3 2 1 2 4 0 7 7 9 2 16 8 19 7 1 1 0 3 13 0 1 6 4 1 1 4 0
7 32 5 45 25 6 8 8 1 8 10 2 2 57 16 20 12 8 2 9 33 49 61 68 43 51 87 61 35 12 30 20 6 21 15 60 17 11 13 33 15 20 20 23 25 23 0 1 9 68 57 63 57 27 26 66 29 24 24 39 37 46 4 26 43 35 22 2 22 6 6 8 21 16 8 3 1 1 7 11 14 6 4 1 0 4 0 0 3 0 0 3 6 7 7 3
0 1 3 27 13 1 7 7 15 5 6 16 8 30 26 12 23 33 11 28 25 31 28 25 55 80 61 38 8 24 18 26 44 21 75 65 2 22 34 39 49 11 8 9 54 32 17 47 29 28 17 29 23 57 13 43 26 52 7 17 51 71 29 22 26 34 12 20 17 10 22 33 38 37 30 19 8 11 24 7 6 1 4 14 1 4 0 1 0 1 1 1 1 2 6 3
0 19 18 23 14 7 4 4 26 29 19 4 5 21 4 8 9 29 6 10 9 15 12 15 76 87 38 23 8 24 18 73 61 19 31 16 23 27 27 32 28 13 0 15 18 13 12 7 29 10 0 8 35 40 55 37 24 35 51 24 3 22 22 6 35 14 21 39 18 13 11 5 7 12 7 1 4 3 2 5 4 1 3 10 13 8 7 2 1 0 0 2 1 1 0 1
29 51 30 8 17 15 24 10 19 14 29 21 6 5 0 12 1 66 79 84 50 8 14 12 44 52 29 10 9 5 20 9 14 25 20 33 10 8 17 26 1 4 36 37 9 13 1 14 34 4 0 9 20 68 25 42 35 59 57 19 5 12 5 5 9 21 36 20 16 13 10 1 22 31 30 8 0 8 0 3 6 0 10 6 18 11 21 5 8 2 0 0 0 0 0 2
54 47 16 11 47 25 16 7 1 35 22 14 14 22 20 7 35 54 47 53 41 16 54 8 9 13 35 9 5 7 12 4 15 28 8 19 1 3 39 1 9 22 68 48 19 2 0 11 2 6 0 0 34 91 43 1 6 45 75 41 7 19 20 7 5 16 5 8 20 12 3 19 20 9 40 42 4 0 0 1 1 10 14 15 5 4 12 0 1 0 2 0 1 4 0 3
45 41 20 7 27 57 46 63 17 7 6 8 26 22 25 12 26 80 53 55 42 10 29 10 30 19 10 1 5 20 9 52 45 38 1 19 9 9 17 0 6 26 31 39 11 49 2 1 0 4 1 11 50 66 27 20 19 13 25 41 9 22 16 22 17 9 7 17 7 3 11 10 13 9 13 5 0 0 0 8 11 9 7 14 4 6 5 0 0 22 1 5 0 7 3 2
38 50 14 9 9 6 2 24 7 5 12 3 20 24 64 39 52 90 79 70 4 49 60 51 61 8 4 0 0 3 24 55 30 42 45 13 0 39 22 26 46 19 69 21 2 25 10 1 1 2 6 45 84 43 15 6 9 7 10 39 47 12 28 5 26 7 23 12 1 20 7 23 10 6 4 0 0 0 3 4 5 8 0 8 2 0 1 14 1 1 5 0 9 2 18 15
75 82 29 13 10 18 36 25 15 11 7 18 36 40 60 49 51 49 45 1 13 9 43 35 35 21 6 0 0 0 21 21 22 22 44 3 10 0 16 26 44 45 68 24 0 0 8 7 8 12 11 81 84 72 24 3 4 6 34 24 5 9 24 59 48 15 8 26 11 6 22 14 11 8 10 0 4 3 5 14 0 0 0 0 0 0 0 4 3 1 3 10 7 6 11 7
89 58 48 10 13 54 90 18 5 20 18 63 40 44 34 37 54 80 17 25 57 37 39 45 24 22 36 13 0 21 58 38 60 16 44 4 0 3 12 34 49 72 77 27 33 63 71 73 48 19 13 62 34 24 23 12 32 35 58 13 16 16 52 43 12 2 4 13 3 10 19 4 14 1 1 0 2 0 6 4 2 6 5 3 2 0 0 3 4 10 5 5 9 8 27 33
95 68 60 42 1 38 30 17 28 78 52 80 48 85 86 28 20 37 78 78 63 68 70 22 21 0 2 15 0 48 40 15 64 34 8 4 0 2 0 33 70 86 65 23 72 90 63 73 95 77 68 39 11 42 29 39 32 27 27 15 9 12 16 17 38 3 9 5 21 15 4 3 5 0 0 1 5 0 13 51 6 2 29 0 3 1 8 10 38 26 5 10 12 9 16 17
63 24 8 17 9 43 35 71 74 59 43 75 75 64 47 38 14 43 83 66 72 94 41 10 15 30 26 56 16 7 7 59 67 32 4 12 5 16 39 0 0 71 47 38 90 88 66 64 84 30 62 28 48 39 7 26 5 19 8 13 40 65 39 23 9 24 42 15 18 8 0 0 20 3 7 9 10 15 31 24 0 3 13 3 2 2 0 14 7 21 5 2 6 2 6 40
3 0 0 3 22 52 20 60 60 38 61 66 27 58 36 29 58 66 98 64 82 95 58 7 1 1 48 39 9 0 19 72 96 14 3 4 0 3 70 42 38 91 78 91 93 72 32 31 41 59 27 46 35 7 19 8 10 34 14 38 25 59 33 28 21 22 8 29 13 2 5 2 22 26 1 0 0 3 4 12 0 2 2 2 1 2 0 2 7 11 28 6 13 7 32 53
4 12 14 49 56 26 31 26 44 29 13 5 14 57 65 63 64 62 71 59 71 96 98 19 19 31 25 0 0 0 5 84 43 1 7 39 42 13 36 87 86 100 86 89 50 49 32 57 84 53 21 15 66 25 8 24 16 21 4 1 65 26 12 22 26 11 22 18 7 1 0 2 17 30 8 5 6 30 9 6 0 2 7 0 3 10 0 0 10 19 35 7 4 8 53 59
21 58 39 28 50 32 80 74 18 0 5 1 16 86 91 38 17 15 25 62 73 90 65 34 49 6 15 0 0 10 20 52 53 22 16 22 13 29 65 85 77 84 83 23 27 35 70 69 91 65 60 36 35 20 32 31 22 33 19 27 34 1 1 3 20 9 13 3 11 7 3 5 24 7 28 23 7 17 5 4 15 5 4 1 3 3 5 11 23 5 14 45 10 9 40 79
8 39 88 59 58 22 77 50 24 36 2 4 39 67 63 63 60 80 70 62 92 49 27 10 83 18 4 0 0 19 66 42 26 80 88 55 42 77 53 68 74 19 31 71 71 55 82 31 87 51 49 22 17 16 63 52 26 57 72 60 41 3 14 15 17 12 16 9 6 17 3 4 1 10 21 7 2 3 2 1 4 5 1 0 2 1 1 3 4 4 30 78 51 25 50 69
6 11 35 61 67 31 82 92 89 99 77 14 45 53 60 36 18 23 0 41 53 6 10 1 58 44 0 1 1 3 52 85 42 80 45 61 61 58 5 58 85 43 74 98 91 78 63 35 39 49 48 44 70 64 51 46 9 38 70 54 27 12 28 8 4 31 25 6 4 10 13 12 3 11 4 13 20 6 7 1 4 6 5 1 8 7 0 7 2 8 28 71 51 49 92 41
6 0 2 84 42 29 65 87 53 73 65 27 32 8 26 44 12 0 3 56 66 2 4 14 69 70 0 43 31 55 34 28 39 53 54 50 9 2 9 93 70 68 73 99 99 61 87 86 69 20 53 70 64 70 72 55 33 33 25 22 31 3 13 1 12 14 8 10 4 19 18 1 15 15 19 5 4 12 20 1 6 31 13 16 20 4 2 11 0 31 19 60 62 18 28 56
20 21 34 71 58 44 70 24 70 92 69 25 65 75 76 46 8 20 73 100 66 1 0 41 68 45 4 34 79 57 47 80 66 44 33 54 12 1 32 84 57 86 85 97 98 47 64 58 40 19 22 65 12 31 33 38 84 62 39 22 23 9 17 23 22 35 4 17 24 6 9 2 1 1 2 20 12 16 19 4 0 19 38 18 30 5 22 4 24 1 45 88 47 37 50 58
87 67 15 21 58 28 34 31 69 96 83 82 88 85 82 59 7 37 79 59 68 3 2 29 49 59 49 67 93 87 72 55 8 10 58 43 51 65 40 3 36 80 89 78 18 24 60 68 29 15 43 58 46 64 59 13 42 50 10 28 35 47 48 27 27 70 20 29 28 17 9 6 19 8 17 27 17 3 9 18 11 5 8 21 17 25 72 26 31 36 34 84 86 44 51 66
47 25 8 8 33 76 99 75 33 99 94 73 72 70 64 23 1 51 100 64 87 30 48 13 42 44 68 81 30 89 97 32 7 19 26 19 77 74 2 3 16 92 86 75 53 75 45 81 30 0 8 0 45 71 71 55 42 25 20 3 41 32 14 2 12 6 16 0 1 16 9 3 28 15 38 13 23 13 26 3 21 8 13 12 23 41 74 43 60 35 61 76 78 74 65 45
83 3 11 4 14 73 91 7 48 95 84 91 46 85 74 6 3 18 82 99 91 94 52 83 52 68 15 42 16 53 87 20 36 76 48 52 89 30 15 76 83 62 34 42 46 72 77 82 25 0 0 18 85 84 54 47 61 39 7 25 54 31 15 15 20 9 4 11 5 9 11 9 5 26 33 18 23 10 20 21 16 12 21 19 9 70 51 44 82 41 79 77 89 72 70 38
51 9 4 44 69 81 63 11 6 14 2 12 58 83 79 1 1 8 18 53 99 100 88 100 33 48 46 3 9 36 62 13 56 76 77 66 91 68 85 98 79 90 36 65 81 89 77 56 50 18 0 50 89 93 75 52 98 51 58 57 52 24 17 13 23 12 6 12 6 7 27 28 11 92 43 20 13 8 10 32 12 0 9 34 28 41 78 70 28 74 89 67 81 46 81 54
13 4 63 83 63 91 79 62 40 7 26 20 0 16 22 16 2 2 15 8 33 96 79 96 41 33 3 0 9 1 1 33 66 68 82 71 93 98 91 74 57 53 22 86 97 71 68 34 45 16 20 39 81 52 61 44 75 66 60 59 56 26 25 11 19 21 30 13 12 29 15 28 45 87 28 19 3 5 17 11 46 12 8 6 23 54 81 78 80 85 83 52 33 58 41 54
