Data/Land Cover 1km/FME_656D6600_1589209169783_10689/temp/lcm2007_aggregate_classes_1km_gb_3.asc
ncols 700
nrows 1300
xllcorner 0
yllcorner 0
cellsize 1000
[rows 1170 to 1247 of 1300, columns 288 to 383 of 700]
3 1 6 4 4 5 1 0 4 0 0 4 0 2 0 5 1 20 21 21 11 9 26 24 42 9 30 39 29 49 60 63 59 70 46 38 38 32 29 55 86 45 50 32 21 35 46 26 40 36 49 49 47 24 49 37 76 51 48 52 69 60 78 65 72 69 54 46 35 56 45 20 15 41 47 23 47 21 45 38 44 55 10 37 34 22 18 22 27 50 44 10 16 39 44 13
0 1 1 14 4 4 4 1 2 1 1 2 1 6 0 0 6 9 4 16 19 26 22 29 56 37 50 75 40 63 69 86 60 78 64 55 38 39 36 62 91 84 59 34 47 46 38 28 70 42 44 36 43 62 63 65 53 48 59 43 8 41 70 60 42 34 64 59 55 28 55 59 19 32 41 17 77 51 54 32 57 51 28 3 39 37 20 28 81 94 50 35 35 31 48 36
2 0 0 7 1 3 6 8 1 3 3 4 8 24 22 1 15 5 18 15 32 29 24 56 52 77 83 75 59 43 49 40 42 78 54 43 79 53 73 51 68 85 61 70 35 42 54 46 39 47 43 46 42 54 25 50 74 57 82 51 67 71 27 16 72 86 99 97 91 68 92 68 26 64 85 60 75 60 71 66 25 27 36 30 27 56 52 33 40 77 78 73 14 9 11 6
0 1 1 4 11 5 5 11 5 20 12 11 10 8 1 11 18 4 6 7 15 47 43 26 37 63 72 73 93 66 52 65 38 24 10 2 59 37 65 51 52 51 55 26 67 80 53 34 35 43 60 78 79 26 29 66 68 60 43 84 78 79 71 69 76 83 79 91 96 94 76 59 19 48 74 79 56 73 60 70 33 38 27 48 27 46 77 44 45 68 39 7 8 12 13 13
14 11 16 14 6 3 3 10 6 9 2 12 3 1 6 16 3 0 0 12 17 45 77 36 43 81 62 70 76 61 76 46 54 38 0 5 17 32 44 40 48 49 55 64 75 68 38 66 41 37 66 45 68 62 49 77 79 70 43 69 85 88 79 84 90 78 68 64 72 58 43 38 13 55 43 43 41 72 55 45 36 25 11 8 25 16 36 65 39 27 33 7 45 24 25 29
3 9 2 9 1 7 3 4 3 3 5 10 20 11 3 14 12 4 12 10 53 29 37 68 73 81 62 59 68 52 63 81 32 14 6 0 1 48 51 45 45 80 83 77 80 45 36 33 62 66 75 65 58 56 38 32 50 62 41 16 28 44 38 91 46 33 64 36 85 45 36 40 38 54 20 29 30 48 41 52 43 30 51 40 24 57 51 21 55 7 6 63 56 17 21 51
4 0 1 0 1 12 4 2 0 1 3 12 11 10 0 10 4 5 22 25 44 6 34 53 77 92 75 80 58 79 57 52 29 0 17 30 24 80 78 71 78 88 58 67 57 41 37 68 84 91 92 81 79 60 38 58 42 44 32 18 45 65 79 34 37 47 8 0 58 77 45 39 63 92 57 27 35 29 6 18 25 34 25 30 29 4 11 11 27 34 33 36 44 26 28 21
18 2 1 9 3 11 9 5 4 8 2 12 11 15 8 9 3 2 9 9 35 8 39 22 47 86 59 30 29 67 56 49 75 21 86 42 65 68 38 72 81 67 70 76 75 76 77 76 88 61 46 91 78 68 44 29 34 48 61 22 48 74 55 32 46 42 42 64 79 73 17 21 43 57 33 12 39 64 52 42 33 30 41 39 25 25 25 29 31 28 27 50 52 25 3 24
3 1 7 4 7 3 8 10 10 5 13 17 29 31 10 6 6 2 18 14 24 4 8 12 26 42 53 46 60 56 84 69 68 45 76 42 87 84 55 48 50 59 41 76 79 75 80 57 60 92 78 70 45 38 46 45 43 72 72 60 82 57 56 33 58 62 73 86 63 73 38 51 51 52 27 43 12 30 18 33 50 47 47 37 32 39 27 8 30 44 33 53 41 17 14 31
0 3 1 9 2 12 4 6 0 4 10 33 12 29 10 15 5 52 43 35 42 17 21 44 31 18 17 48 56 38 60 53 53 38 73 80 87 60 48 28 34 36 65 89 73 73 70 60 51 71 79 46 21 62 34 24 76 45 34 35 40 38 74 81 50 48 79 82 62 46 72 48 48 26 50 72 51 24 14 28 68 27 16 30 15 53 42 52 42 39 74 70 62 62 37 23
1 0 0 13 7 3 3 5 7 22 10 15 12 10 5 2 6 31 39 23 35 22 28 29 59 21 48 69 50 33 46 46 55 54 52 43 25 10 83 50 44 52 46 43 50 50 66 66 50 48 29 55 46 69 44 41 51 47 11 39 64 42 55 34 46 36 50 56 88 34 65 72 62 42 36 49 67 38 60 37 67 37 45 29 30 21 40 35 60 51 27 66 69 43 34 51
24 9 15 18 26 2 1 4 17 21 1 0 2 12 31 17 7 25 66 30 30 11 32 42 53 42 36 51 35 29 48 65 56 55 30 22 24 66 85 82 49 51 54 53 68 47 19 67 69 41 48 27 56 76 53 65 36 29 68 50 83 72 66 29 45 42 57 69 69 25 29 71 58 57 65 43 57 53 55 20 29 79 73 72 55 9 55 31 14 38 76 73 37 58 57 25
13 13 7 18 13 6 4 16 22 7 8 1 1 10 17 5 15 13 14 9 15 32 19 41 45 29 56 36 16 20 10 36 21 38 16 23 18 63 69 67 69 55 53 56 51 70 68 44 78 78 58 50 51 80 68 40 45 67 40 31 55 65 32 87 35 5 16 4 2 22 49 34 44 88 44 28 26 49 49 20 40 63 78 89 56 26 39 61 52 50 87 65 44 51 30 29
9 21 3 19 21 10 16 29 26 32 10 25 35 32 9 42 48 22 19 17 27 29 21 13 11 34 16 12 41 45 39 23 12 22 8 16 4 12 35 27 25 62 64 28 42 69 57 53 89 82 64 92 81 70 59 56 81 58 70 35 16 23 30 69 7 0 0 0 2 29 65 37 36 86 35 1 16 30 14 27 72 51 45 46 25 69 40 17 26 56 68 69 19 22 22 19
11 30 18 40 21 19 14 11 8 36 31 33 19 13 19 15 5 8 25 25 6 32 49 14 2 27 16 42 34 13 41 27 29 25 44 28 12 20 11 22 27 36 43 36 51 77 63 48 85 64 88 83 80 86 47 61 68 55 39 48 19 24 29 63 83 20 0 3 8 27 87 51 84 69 46 35 44 34 86 61 11 16 54 58 66 58 29 59 52 51 44 64 34 26 46 45
43 45 57 26 19 12 14 28 31 50 40 34 27 33 19 14 18 51 48 21 26 14 51 44 17 23 19 45 35 42 44 39 25 37 21 35 29 28 30 28 28 49 23 44 26 30 35 18 56 68 82 92 75 62 47 43 51 54 47 37 60 49 68 62 55 25 17 16 40 9 31 78 74 62 37 31 58 32 35 45 29 88 94 55 34 50 41 79 27 18 15 22 28 45 53 81
43 34 58 31 63 47 24 8 3 16 12 46 63 12 50 4 12 20 13 10 2 13 37 47 40 37 36 49 36 26 26 40 37 38 18 35 25 33 32 30 25 53 56 46 49 41 37 21 61 78 87 68 55 76 56 43 38 32 25 37 33 26 28 38 29 46 40 59 40 16 34 66 60 68 22 64 51 54 48 30 40 84 77 63 19 14 19 40 41 44 34 10 69 68 46 45
28 25 56 27 54 22 9 2 8 8 51 57 22 28 29 12 27 10 7 41 28 31 47 39 27 38 37 27 39 23 42 40 46 39 45 39 24 19 21 23 37 37 51 61 47 45 66 67 57 38 42 61 39 78 59 45 18 24 28 34 54 38 68 43 39 33 47 45 59 22 52 61 84 64 50 40 16 49 45 31 48 80 61 64 28 25 51 46 35 31 23 11 34 68 16 18
44 24 49 18 46 69 28 27 40 63 38 63 89 40 28 11 18 14 31 26 29 14 22 6 39 31 14 30 27 23 14 29 45 26 50 31 42 29 16 28 37 20 18 50 73 61 62 42 75 51 72 57 37 54 75 51 48 42 41 40 16 24 29 71 48 32 25 22 47 66 58 31 48 26 51 44 11 30 13 32 34 11 10 49 36 15 26 6 37 32 34 34 8 34 18 30
47 36 27 21 59 81 51 22 30 50 62 34 46 47 57 26 39 37 37 46 26 40 14 31 27 21 25 23 37 39 38 43 45 18 24 66 34 33 20 33 31 24 45 33 57 49 65 32 44 54 49 52 52 58 41 33 24 61 56 31 55 16 32 46 43 16 32 32 40 65 42 7 19 36 34 20 13 36 17 27 66 4 30 22 30 22 8 34 38 25 23 34 16 38 10 47
74 39 30 25 39 36 27 19 44 51 51 74 57 61 49 58 66 50 47 77 37 21 17 30 18 57 8 15 16 23 11 20 30 32 60 54 35 23 48 42 41 47 73 51 24 12 29 21 34 67 29 50 84 56 24 30 9 63 55 59 82 46 49 21 35 33 24 30 56 55 34 21 66 39 41 19 34 38 11 54 50 30 65 47 82 22 7 21 45 10 20 32 12 35 35 29
52 50 38 35 27 35 44 36 45 74 54 84 82 82 25 73 81 68 67 74 57 43 23 23 9 26 20 19 43 18 21 25 24 29 17 44 35 37 26 11 44 55 92 44 0 36 51 28 63 31 24 59 26 45 52 37 32 58 33 39 70 48 43 37 18 34 22 23 59 46 36 36 40 16 32 40 28 12 20 29 14 3 37 35 82 42 8 35 18 28 9 26 45 37 39 44
54 66 53 55 42 40 27 51 26 35 55 52 52 39 8 35 41 70 65 58 42 11 24 12 28 22 28 25 11 30 29 32 30 36 38 22 33 28 50 49 31 22 61 98 40 59 33 41 53 29 41 35 34 41 33 33 65 58 42 71 47 24 73 37 26 21 15 14 27 20 55 38 6 20 23 25 16 12 4 26 26 17 59 32 75 63 36 17 20 23 3 9 39 55 96 84
39 49 52 55 30 29 46 38 44 59 45 51 49 9 40 20 32 39 39 47 27 26 19 35 10 35 22 26 26 37 38 65 58 36 34 45 49 51 57 67 8 26 30 67 42 40 41 36 28 57 39 30 43 34 28 22 38 47 31 47 38 15 47 29 44 26 34 39 4 4 17 15 44 14 29 26 8 1 7 45 27 50 38 39 48 59 67 22 4 3 10 32 36 60 92 47
63 46 38 43 19 40 36 24 64 44 32 30 67 56 55 44 51 49 29 46 52 36 20 17 16 20 25 23 35 19 34 34 26 18 27 48 59 38 41 56 58 40 13 68 34 30 39 42 32 40 35 45 55 34 15 14 37 10 30 31 39 37 39 23 28 13 9 10 4 11 4 9 38 45 28 6 9 16 3 11 17 17 44 20 32 36 32 57 26 10 14 25 52 78 63 67
63 64 61 51 35 53 74 55 45 65 51 55 47 21 67 65 47 43 54 28 54 78 65 24 16 24 22 21 25 36 41 44 32 14 28 31 53 28 44 41 49 34 35 58 51 46 37 62 66 57 46 57 37 35 22 37 63 17 36 52 41 39 30 22 22 29 21 18 47 36 26 22 11 15 24 4 41 58 37 1 35 27 15 9 37 43 29 65 47 47 23 31 3 31 54 43
61 58 75 42 54 59 95 45 42 70 53 24 46 49 70 67 51 54 45 62 57 76 53 12 21 13 26 25 31 14 28 60 32 30 21 32 48 32 45 58 31 46 31 43 30 62 48 48 64 30 37 48 20 29 45 32 27 44 46 58 30 35 47 55 38 35 47 31 38 48 15 31 16 22 21 45 62 54 55 15 30 42 42 23 31 26 19 48 28 40 18 34 7 48 40 69
77 76 67 60 37 64 85 55 71 59 44 29 44 45 54 48 43 51 53 67 48 52 53 20 22 33 12 28 32 26 53 28 31 25 73 29 31 52 45 46 38 20 25 47 47 41 48 61 44 23 17 35 24 26 31 18 38 21 26 27 35 18 51 64 37 21 28 10 17 41 43 11 23 35 35 10 56 46 56 42 39 43 36 37 52 32 21 48 61 41 44 42 49 25 3 32
80 86 88 58 58 83 81 85 67 47 53 63 21 49 46 47 39 54 37 53 62 67 51 30 42 27 32 29 7 40 37 17 52 18 40 24 42 26 23 41 45 31 29 24 52 58 43 42 34 37 18 30 38 41 21 15 24 25 31 23 40 67 44 49 5 16 19 21 36 34 35 7 11 45 77 12 35 32 29 61 47 50 48 77 92 34 37 46 67 30 21 33 38 75 46 43
89 70 79 69 67 80 91 83 31 23 88 56 44 34 57 38 38 59 56 60 54 69 51 41 50 38 29 8 4 36 37 42 24 29 29 37 31 37 50 19 47 41 43 53 42 54 39 39 44 29 30 28 23 37 46 34 46 38 30 34 30 42 55 31 13 20 28 24 43 26 19 12 0 26 63 15 31 56 26 50 46 31 14 57 93 71 84 38 53 36 26 58 43 68 80 72
88 93 89 83 89 80 74 66 68 44 50 23 4 27 61 67 61 56 45 68 67 29 40 49 57 48 25 22 35 46 3 38 51 49 29 66 18 43 46 34 47 24 54 38 34 26 60 22 18 35 30 42 48 54 53 39 48 37 49 35 32 58 26 8 5 16 25 7 32 11 22 16 24 27 34 27 55 26 60 32 39 71 55 96 100 96 96 91 72 80 51 71 77 87 60 68
88 85 76 76 65 73 67 94 82 58 83 70 32 53 59 76 78 59 57 77 63 77 50 71 60 39 34 13 70 34 39 31 35 26 21 51 66 36 36 47 46 15 36 35 49 27 42 37 28 18 28 59 49 59 64 46 39 67 38 50 47 23 5 15 13 18 0 0 15 5 25 28 44 17 21 44 41 68 76 76 91 91 71 69 91 73 100 97 66 57 71 57 63 98 59 71
64 32 27 65 75 52 27 64 59 61 60 62 46 55 44 26 23 43 50 64 61 63 44 73 66 15 28 23 45 22 19 33 27 19 43 52 44 32 58 47 46 45 41 44 16 30 26 22 27 29 15 50 45 37 46 64 36 25 18 27 51 21 13 17 26 2 0 7 15 21 41 16 35 38 54 25 77 49 43 95 100 87 84 54 90 97 100 98 69 53 64 14 24 49 98 93
40 48 51 40 20 4 31 49 28 65 47 50 47 42 48 74 43 38 41 61 62 52 40 37 48 28 15 6 9 19 17 37 39 35 24 38 29 38 55 50 64 57 43 35 15 42 29 20 24 46 31 47 49 69 44 75 66 50 41 35 47 13 8 29 15 2 20 13 16 40 46 45 32 60 60 45 63 94 66 100 97 90 58 47 56 88 85 71 82 66 91 52 30 61 96 87
19 49 39 28 24 48 34 32 82 48 64 58 39 57 46 74 59 41 36 63 39 29 31 67 47 40 20 34 16 42 32 41 52 46 29 35 37 63 44 69 55 41 13 24 28 26 34 44 41 45 41 46 52 35 29 57 62 50 31 48 34 12 31 49 18 3 36 24 21 42 46 46 27 28 69 37 35 63 77 90 88 98 83 50 59 73 48 67 52 69 98 80 76 57 71 63
40 22 5 12 10 10 6 22 20 74 58 46 69 83 52 68 45 39 19 25 73 56 66 34 18 0 17 32 23 15 22 47 58 47 50 17 31 62 23 66 57 24 13 29 34 17 33 36 31 47 31 38 24 62 15 66 70 62 42 39 36 25 66 68 51 42 19 48 49 53 64 69 46 35 27 18 61 69 52 32 93 98 97 79 51 59 67 36 57 55 53 25 46 65 41 35
35 39 6 1 0 0 0 27 39 84 45 20 10 49 39 39 40 28 27 26 65 38 44 49 24 18 29 27 31 18 20 31 21 37 34 57 28 38 40 52 49 55 38 34 20 16 28 15 12 47 25 25 35 64 58 40 50 37 2 15 55 26 16 36 37 17 30 73 86 45 56 25 30 6 3 29 39 31 64 24 60 69 71 71 33 4 18 77 63 43 88 43 57 24 41 25
19 22 6 9 0 0 0 15 12 58 56 88 71 78 48 59 32 29 36 39 36 41 57 38 12 27 39 21 29 49 7 17 21 26 17 36 41 34 44 53 58 76 48 59 62 7 1 0 0 4 6 28 20 40 53 34 47 55 16 28 35 37 30 11 19 12 23 68 60 51 40 40 58 48 48 70 61 48 31 10 40 72 56 64 23 9 21 23 31 71 25 6 15 9 11 16
33 16 6 0 15 0 22 8 21 52 45 82 86 74 43 54 27 17 26 81 53 71 35 20 38 35 36 21 42 74 53 34 29 42 50 50 11 36 43 85 68 67 49 77 52 12 0 0 0 0 0 0 0 5 24 11 28 35 23 39 24 50 53 46 7 7 13 28 59 71 32 25 38 84 81 81 71 69 59 44 20 13 54 39 22 11 57 33 43 38 58 16 15 16 6 10
56 26 28 6 21 27 33 35 62 35 60 68 72 91 59 66 43 13 10 49 45 50 17 16 46 67 63 32 30 71 22 54 58 65 44 9 9 33 58 85 90 46 19 15 1 0 0 0 0 0 0 0 0 0 0 0 0 6 32 67 41 28 32 57 52 48 44 44 19 37 40 44 58 55 44 33 35 57 75 55 0 1 10 30 26 41 70 85 83 90 32 36 33 21 10 20
61 70 81 42 35 34 7 35 51 56 60 69 51 70 55 35 26 9 42 52 48 45 58 57 13 31 42 42 45 56 18 26 36 46 18 10 0 1 22 29 30 2 0 0 0 0 0 0 0 0 0 0 0 0 0 0 0 0 0 27 20 60 56 60 34 35 52 33 32 20 13 48 67 41 43 35 55 45 33 52 3 14 64 65 40 51 66 82 97 71 49 70 28 17 9 19
87 74 65 53 66 57 43 24 8 43 60 62 33 43 30 12 7 26 84 82 88 38 19 16 0 45 29 36 23 57 17 12 21 55 40 0 0 0 0 0 0 0 0 0 0 0 0 0 0 0 0 0 0 0 0 0 0 0 0 0 0 26 53 53 42 65 43 42 23 9 15 33 55 53 75 42 43 31 25 59 34 65 49 42 76 47 33 6 26 21 9 48 55 4 10 23
58 66 67 71 70 75 31 30 18 23 64 43 51 45 42 3 0 37 60 73 74 41 27 6 0 21 14 0 0 0 0 0 0 1 4 0 0 0 0 0 0 0 0 0 0 0 0 0 0 0 0 0 0 0 0 0 0 0 0 0 0 0 6 34 72 36 49 31 2 20 18 30 28 28 54 87 40 28 48 49 61 90 81 91 86 34 33 1 16 20 42 26 3 13 13 7
48 54 65 44 64 56 85 72 10 1 28 53 41 54 33 6 7 42 43 30 71 83 44 5 0 0 0 0 0 0 0 0 0 0 0 0 0 0 0 0 0 0 0 0 0 0 0 0 0 0 0 0 0 0 0 0 0 0 0 0 0 0 0 0 8 22 45 7 10 11 8 17 14 9 9 71 18 30 46 65 45 88 91 84 31 39 35 0 45 79 25 51 16 30 35 9
25 63 85 61 55 60 54 72 19 2 10 60 54 58 33 21 20 82 44 51 56 76 6 0 0 0 0 0 0 0 0 0 0 0 0 0 0 0 0 0 0 0 0 0 0 0 0 0 0 0 0 0 0 0 0 0 0 0 0 0 0 0 0 0 0 1 30 7 10 24 31 48 31 6 19 58 42 32 42 68 53 66 90 89 68 15 58 63 58 73 52 62 47 55 71 54
3 19 30 60 84 75 86 55 40 11 2 41 56 43 7 17 10 44 42 58 88 34 0 0 0 0 0 0 0 0 0 0 0 0 0 0 0 0 0 0 0 0 0 0 0 0 0 0 0 0 0 0 0 0 0 0 0 0 0 0 0 0 0 0 0 0 0 3 19 21 36 44 58 51 46 79 98 47 36 60 61 57 46 52 63 47 53 75 94 81 71 74 43 66 84 57
2 17 0 30 44 52 75 80 27 12 0 42 30 6 25 64 24 49 55 31 81 5 0 0 0 0 0 0 0 0 0 0 0 0 0 0 0 0 0 0 0 0 0 0 0 0 0 0 0 0 0 0 0 0 0 0 0 0 0 0 0 0 0 0 0 0 0 0 0 7 31 17 40 59 61 59 85 30 23 19 56 39 39 17 25 25 16 55 34 56 64 52 58 23 80 67
23 8 1 5 45 65 93 69 36 24 0 8 12 0 17 45 39 31 4 56 33 0 0 0 0 0 0 0 0 0 0 0 0 0 0 0 0 0 0 0 0 0 0 0 0 0 0 0 0 0 0 0 0 0 0 0 0 0 0 0 0 0 0 0 0 0 0 0 0 0 6 29 30 62 40 53 54 6 20 13 37 13 26 15 16 9 16 42 35 52 64 53 79 58 80 46
53 8 12 5 15 33 66 82 85 44 0 5 2 0 18 43 50 19 0 0 0 0 0 0 0 0 0 0 0 0 0 0 0 0 0 0 0 0 0 0 0 0 0 0 0 0 0 0 0 0 0 0 0 0 0 0 0 0 0 0 0 0 0 0 0 0 0 0 0 0 0 0 27 84 60 41 27 45 17 8 18 3 6 1 0 9 12 23 20 59 65 73 76 89 83 71
46 42 19 9 21 42 69 96 70 32 0 2 14 30 83 30 7 0 0 0 0 0 0 0 0 0 0 0 0 0 0 0 0 0 0 0 0 0 0 0 0 0 0 0 0 0 0 0 0 0 0 0 0 0 0 0 0 0 0 0 0 0 0 0 0 0 0 0 0 0 0 0 0 31 70 40 21 43 15 4 0 0 0 0 0 0 0 0 0 8 0 1 6 16 3 12
37 25 12 44 19 60 67 53 82 35 0 0 1 4 29 2 0 0 0 0 0 0 0 0 0 0 0 0 0 0 0 0 0 0 0 0 0 0 0 0 0 0 0 0 0 0 0 0 0 0 0 0 0 0 0 0 0 0 0 0 0 0 0 0 0 0 0 0 0 0 0 0 0 0 10 25 35 22 4 0 0 0 0 0 0 0 0 0 0 0 0 0 0 1 2 0
36 29 21 27 58 82 51 54 44 37 0 0 0 0 0 0 0 0 0 0 0 0 0 0 0 0 0 0 0 0 0 0 0 0 0 0 0 0 0 0 0 0 0 0 0 0 0 0 0 0 0 0 0 0 0 0 0 0 0 0 0 0 0 0 0 0 0 0 0 0 0 0 0 0 0 0 20 8 31 0 3 0 0 0 0 0 0 0 0 0 0 0 0 0 0 0
71 59 50 48 20 12 36 37 15 15 0 0 0 0 0 0 0 0 0 0 0 0 0 0 0 0 0 0 0 0 0 0 0 0 0 0 0 0 0 0 0 0 0 0 0 0 0 0 0 0 0 0 0 0 0 0 0 0 0 0 0 0 0 0 0 0 0 0 0 0 0 0 0 0 0 0 1 11 3 4 0 0 0 0 0 0 0 0 0 0 0 0 0 0 0 0
48 61 48 22 6 18 25 18 0 0 0 0 0 0 0 0 0 0 0 0 0 0 0 0 0 0 0 0 0 0 0 0 0 0 0 0 0 0 0 0 0 0 0 0 0 0 0 0 0 0 0 0 0 0 0 0 0 0 0 0 0 0 0 0 0 0 0 0 0 0 0 0 0 0 0 0 0 0 12 2 0 0 0 0 0 0 0 0 0 0 0 0 0 0 0 0
63 52 38 28 5 17 49 34 1 0 0 0 0 0 0 0 0 0 0 0 0 0 0 0 0 0 0 0 0 0 0 0 0 0 0 0 0 0 0 0 0 0 0 0 0 0 0 0 0 0 0 0 0 0 0 0 0 0 0 0 0 0 0 0 0 0 0 0 0 0 0 0 0 0 0 0 0 0 0 0 0 0 0 0 0 0 0 0 0 0 0 0 0 0 0 0
40 81 46 59 56 8 16 12 0 0 0 0 0 0 0 0 0 0 0 0 0 0 0 0 0 0 0 0 0 0 0 0 0 0 0 0 0 0 0 0 0 0 0 0 0 0 0 0 0 0 0 0 0 0 0 0 0 0 0 0 0 0 0 0 0 0 0 0 0 0 0 0 0 0 0 0 0 0 0 0 0 1 0 0 0 0 0 0 0 0 0 0 0 0 0 0
53 70 21 38 41 0 9 0 0 0 0 0 0 0 0 0 0 0 0 0 0 0 0 0 0 0 0 0 0 0 0 0 0 0 0 0 0 0 0 0 0 0 0 0 0 0 0 0 0 0 0 0 0 0 0 0 0 0 0 0 0 0 0 0 0 0 0 0 0 0 0 0 0 0 0 0 0 0 0 0 6 24 4 0 0 0 0 0 0 0 0 0 0 0 0 0
35 23 19 8 1 0 0 0 0 0 0 0 0 0 0 0 0 0 0 0 0 0 0 0 0 0 0 0 0 0 0 0 0 0 0 0 0 0 0 0 0 0 0 0 0 0 0 0 0 0 0 0 0 0 0 0 0 0 0 0 0 0 0 0 0 0 0 0 0 0 0 0 0 0 0 0 0 0 0 0 33 30 17 0 0 0 0 0 0 0 0 0 0 0 0 0
55 31 22 41 33 20 0 0 0 0 0 0 0 0 0 0 0 0 0 0 0 0 0 0 0 0 0 0 0 0 0 0 0 0 0 0 0 0 0 0 0 0 0 0 0 0 0 0 0 0 0 0 0 0 0 0 0 0 0 0 0 0 0 0 0 0 0 0 0 0 0 0 0 0 0 0 0 0 0 3 22 32 9 0 0 0 0 0 0 0 0 0 0 0 0 0
16 62 37 39 67 20 0 0 0 0 0 0 0 0 0 0 0 0 0 0 0 0 0 0 0 0 0 0 0 0 0 0 0 0 0 0 0 0 0 0 0 0 0 0 0 0 0 0 0 0 0 0 0 0 0 0 0 0 0 0 0 0 0 0 0 0 0 0 0 0 0 0 0 0 0 0 0 0 0 3 32 18 0 0 0 0 0 0 0 0 0 0 0 0 0 0
41 43 37 49 57 5 0 0 0 0 0 0 0 0 0 0 0 0 0 0 0 0 0 0 0 0 0 0 0 0 0 0 0 0 0 0 0 0 0 0 0 0 0 0 0 0 0 0 0 0 0 0 0 0 0 0 0 0 0 0 0 0 0 0 0 0 0 0 0 0 0 0 0 0 0 0 0 0 0 17 50 1 0 0 0 0 0 0 0 0 0 0 0 0 0 0
32 53 48 45 29 0 0 0 0 0 0 0 0 0 0 0 0 0 0 0 0 0 0 0 0 0 0 0 0 0 0 0 0 0 0 0 0 0 0 0 0 0 0 0 0 0 0 0 0 0 0 0 0 0 0 0 0 0 0 0 0 0 0 0 0 0 0 0 0 0 0 0 0 0 0 0 0 0 0 20 9 0 0 0 0 0 0 0 0 0 0 0 0 0 0 0
39 46 31 5 13 0 0 0 0 0 0 0 0 0 0 0 0 0 0 0 0 0 0 0 0 0 0 0 0 0 0 0 0 0 0 0 0 0 0 0 0 0 0 0 0 0 0 0 0 0 0 0 0 0 0 0 0 0 0 0 0 0 0 0 0 0 0 0 0 0 0 0 0 0 0 0 0 0 0 0 0 0 0 0 0 0 0 0 0 0 0 0 0 0 0 0
32 15 9 5 13 0 0 0 0 0 0 0 0 0 0 0 0 0 0 0 0 0 0 0 0 0 0 0 0 0 0 0 0 0 0 0 0 0 0 0 0 0 0 0 0 0 0 0 0 0 0 0 0 0 0 0 0 0 0 0 0 0 0 0 0 0 0 0 0 0 0 0 0 0 0 0 0 0 0 0 0 0 0 0 0 0 0 0 0 0 0 0 0 0 0 0
28 0 0 0 1 3 0 0 0 0 0 0 0 0 0 0 0 0 0 0 0 0 0 0 0 0 0 0 0 0 0 0 0 0 0 0 0 0 0 0 0 0 0 0 0 0 0 0 0 0 0 0 0 0 0 0 0 0 0 0 0 0 0 0 0 0 0 0 0 0 0 0 0 0 0 0 0 0 0 0 0 0 0 0 0 0 0 0 0 0 0 0 0 0 0 0
73 10 0 0 0 7 3 0 0 0 0 0 0 0 0 0 0 0 0 0 0 0 0 0 0 0 0 0 0 0 0 0 0 0 0 0 0 0 0 0 0 0 0 0 0 0 0 0 0 0 0 0 0 0 0 0 0 0 0 0 0 0 0 0 0 0 0 0 0 0 0 0 0 0 0 0 0 0 0 0 0 0 0 0 0 0 0 0 0 0 0 0 0 0 0 0
32 10 9 0 0 3 6 0 0 0 0 0 0 0 0 0 0 0 0 0 0 0 0 0 0 0 0 0 0 0 0 0 0 0 0 0 0 0 0 0 0 0 0 0 0 0 0 0 0 0 0 0 0 0 0 0 0 0 0 0 0 0 0 0 0 0 0 0 0 0 0 0 0 0 0 0 0 0 0 0 0 0 0 0 0 0 0 0 0 0 0 0 0 0 0 0
7 5 0 0 3 0 0 0 0 0 0 0 0 0 0 0 0 0 0 0 0 0 0 0 0 0 0 0 0 0 0 0 0 0 0 0 0 0 0 0 0 0 0 0 0 0 0 0 0 0 0 0 0 0 0 0 0 0 0 0 0 0 0 0 0 0 0 0 0 0 0 0 0 0 0 0 0 0 0 0 0 0 0 0 0 0 0 0 0 0 0 0 0 0 0 0
0 0 0 0 0 0 0 0 0 0 0 0 0 0 0 0 0 0 0 0 0 0 0 0 0 0 0 0 0 0 0 0 0 0 0 0 0 0 0 0 0 0 0 0 0 0 0 0 0 0 0 0 0 0 0 0 0 0 0 0 0 0 0 0 0 0 0 0 0 0 0 0 0 0 0 0 0 0 0 0 0 0 0 0 0 0 0 0 0 0 0 0 0 0 0 0
0 0 0 0 0 0 0 0 0 0 0 0 0 0 0 0 0 0 0 0 0 0 0 0 0 0 0 0 0 0 0 0 0 0 0 0 0 0 0 0 0 0 0 0 0 0 0 0 0 0 0 0 0 0 0 0 0 0 0 0 0 0 0 0 0 0 0 0 0 0 0 0 0 0 0 0 0 0 0 0 0 0 0 0 0 0 0 0 0 0 0 0 0 0 0 0
8 0 0 0 0 0 0 0 0 0 0 0 0 0 0 0 0 0 0 0 0 0 0 0 0 0 0 0 0 0 0 0 0 0 0 0 0 0 0 0 0 0 0 0 0 0 0 0 0 0 0 0 0 0 0 0 0 0 0 0 0 0 0 0 0 0 0 0 0 0 0 0 0 0 0 0 0 0 0 0 0 0 0 0 0 0 0 0 0 0 0 0 0 0 0 0
22 8 0 0 0 0 0 0 0 0 0 0 0 0 0 0 0 0 0 0 0 0 0 0 0 0 0 0 0 0 0 0 0 0 0 0 0 0 0 0 0 0 0 0 0 0 0 0 0 0 0 0 0 0 0 0 0 0 0 0 0 0 0 0 0 0 0 0 0 0 0 0 0 0 0 0 0 0 0 0 0 0 0 0 0 0 0 0 0 0 0 0 0 0 0 0
41 21 1 2 0 0 0 0 0 0 0 0 0 0 0 0 0 0 0 0 0 0 0 0 0 0 0 0 0 0 0 0 0 0 0 0 0 0 0 0 0 0 0 0 0 0 0 0 0 0 0 0 0 0 0 0 0 0 0 0 0 0 0 0 0 0 0 0 0 0 0 0 0 0 0 0 0 0 0 0 0 0 0 0 0 0 0 0 0 0 0 0 0 0 0 0
44 32 35 35 0 6 10 0 0 0 0 0 0 0 0 0 0 0 0 0 0 0 0 0 0 0 0 0 0 0 0 0 0 0 0 0 0 0 0 0 0 0 0 0 0 0 0 0 0 0 0 0 0 0 0 0 0 0 0 0 0 0 0 0 0 0 0 0 0 0 0 0 0 0 0 0 0 0 0 0 0 0 0 0 0 0 0 0 0 0 0 0 0 0 0 0
28 78 43 12 0 14 0 0 0 0 0 0 0 0 0 0 0 0 0 0 0 0 0 0 0 0 0 0 0 0 0 0 0 0 0 0 0 0 0 0 0 0 0 0 0 0 0 0 0 0 0 0 0 0 0 0 0 0 0 0 0 0 0 0 0 0 0 0 0 0 0 0 0 0 0 0 0 0 0 0 0 0 0 0 0 0 0 0 0 0 0 0 0 0 0 0
50 42 30 19 10 3 0 0 0 0 0 0 0 0 0 0 0 0 0 0 0 0 0 0 0 0 0 0 0 0 0 0 0 0 0 0 0 0 0 0 0 0 0 0 0 0 0 0 0 0 0 0 0 0 0 0 0 0 0 0 0 0 0 0 0 0 0 0 0 0 0 0 0 0 0 0 0 0 0 0 0 0 0 0 0 0 0 0 0 0 0 0 0 0 0 0
22 39 46 40 14 0 0 0 0 0 0 0 0 0 0 0 0 0 0 0 0 0 0 0 0 0 0 0 0 0 0 0 0 0 0 0 0 0 0 0 0 0 0 0 0 0 0 0 0 0 0 0 0 0 0 0 0 0 0 0 0 0 0 0 0 0 0 0 0 0 0 0 0 0 0 0 0 0 0 0 0 0 0 0 0 0 0 0 0 0 0 0 0 0 0 0
36 47 49 51 1 0 0 0 0 0 0 0 0 0 0 0 0 0 0 0 0 0 0 0 0 0 0 0 0 0 0 0 0 0 0 0 0 0 0 0 0 0 0 0 0 0 0 0 0 0 0 0 0 0 0 0 0 0 0 0 0 0 0 0 0 0 0 0 0 0 0 0 0 0 0 0 0 0 0 0 0 0 0 0 0 0 0 0 0 0 0 0 0 0 0 0
