Data/Land Cover 1km/FME_656D6600_1589209169783_10689/temp/lcm2007_aggregate_classes_1km_gb_4.asc
ncols 700
nrows 1300
xllcorner 0
yllcorner 0
cellsize 1000
[rows 1125 to 1199 of 1300, columns 480 to 575 of 700]
43 12 46 38 10 25 30 32 7 23 21 51 19 9 30 38 82 47 23 40 11 21 3 57 37 34 13 12 19 60 11 56 60 6 15 8 5 5 6 53 41 53 6 2 0 4 5 18 32 2 0 15 8 5 11 20 10 11 6 0 17 34 13 31 30 2 8 18 13 5 43 6 10 2 0 9 44 37 16 15 7 1 2 0 0 1 1 21 49 68 73 82 34 16 8 20
57 23 4 5 58 44 19 40 42 62 38 46 37 0 5 35 75 40 43 39 41 43 38 65 15 17 29 47 15 23 20 30 24 16 2 10 7 43 36 41 72 78 14 11 0 10 9 18 0 2 0 13 27 31 12 0 8 8 9 2 9 28 43 58 42 4 30 5 5 17 32 6 9 18 6 1 7 2 2 2 0 4 8 3 2 20 23 35 69 52 10 32 12 12 20 26
47 14 49 13 34 66 56 45 54 50 73 64 49 30 35 63 58 18 35 42 68 37 25 58 21 3 26 22 49 37 2 47 10 31 12 18 39 31 59 41 60 67 32 25 37 5 18 8 8 24 0 0 1 36 13 0 14 21 10 9 8 54 9 20 17 16 10 3 39 19 6 22 22 16 13 23 31 8 2 11 0 0 8 12 22 4 15 10 10 5 7 5 6 10 28 27
23 46 44 32 18 56 46 57 54 49 79 78 50 14 7 62 30 14 59 25 47 15 13 0 20 40 8 15 32 49 68 22 14 36 26 1 21 18 11 48 16 25 46 25 11 0 8 5 5 7 2 0 6 5 9 7 3 16 10 24 11 23 7 3 33 38 14 42 44 20 7 34 24 2 1 37 10 0 14 34 27 0 0 1 30 28 6 56 5 9 5 9 15 3 16 6
36 25 26 19 53 48 22 17 18 11 63 31 23 27 32 53 37 31 31 12 33 34 17 47 13 24 28 19 9 6 21 39 28 6 56 40 27 6 9 29 39 37 40 11 1 0 5 1 1 0 13 16 4 4 11 4 30 31 50 14 14 56 8 30 14 51 33 3 25 41 57 12 21 28 33 22 9 19 15 29 6 2 0 33 4 8 3 18 24 22 3 4 1 9 12 8
22 16 26 54 24 3 9 17 2 13 22 9 53 13 25 10 17 11 3 28 63 33 51 31 25 54 20 0 13 26 21 43 15 10 47 68 64 22 5 4 3 46 28 1 9 12 5 7 8 9 13 23 2 13 16 2 6 0 0 18 0 0 6 20 38 11 17 40 80 16 13 8 12 36 0 2 10 12 3 11 6 1 12 14 13 9 8 8 34 41 22 18 5 5 3 0
9 8 10 14 30 13 4 23 8 2 12 21 10 12 18 24 14 2 5 13 20 27 21 4 51 20 23 23 70 65 32 30 11 8 15 39 90 60 5 46 8 7 19 45 11 7 28 10 43 13 4 3 3 5 3 39 10 14 0 0 7 13 3 30 14 0 4 3 37 24 13 2 22 16 7 40 30 45 23 20 16 14 18 13 57 38 49 43 42 13 10 6 7 1 0 0
12 50 47 25 42 18 7 7 0 0 7 8 5 3 23 48 10 17 23 10 35 30 17 8 49 29 14 17 24 12 36 11 20 35 33 24 62 16 0 6 37 2 37 39 46 19 1 20 59 52 19 0 1 4 6 23 11 40 31 7 22 35 9 26 2 4 11 25 49 13 20 15 14 31 19 61 14 16 13 34 14 40 22 9 6 16 28 29 25 32 7 12 8 16 11 9
23 33 14 36 46 9 7 6 2 28 9 6 25 19 8 13 9 21 14 31 70 47 41 33 18 41 63 22 40 11 8 13 56 59 33 19 12 12 9 17 18 10 14 8 12 30 21 8 26 17 0 0 0 0 5 25 25 14 31 13 4 48 17 7 1 0 4 19 51 23 46 6 29 80 26 33 15 24 58 50 33 47 16 24 17 14 43 20 4 11 25 33 18 53 15 6
4 5 10 8 4 0 0 3 1 29 14 24 26 29 12 23 1 0 10 32 37 45 21 32 46 37 39 14 39 11 2 17 55 47 37 11 27 38 5 23 55 11 2 3 5 2 4 0 11 52 3 0 0 0 35 29 1 1 10 5 7 14 7 4 9 0 6 22 37 14 4 12 27 24 35 17 40 36 40 47 6 38 38 71 44 56 27 54 14 12 17 31 3 24 10 14
20 6 36 0 1 2 0 0 0 10 32 22 44 14 13 28 3 0 6 21 13 27 42 73 19 4 31 8 3 6 1 13 47 11 16 46 79 29 5 32 14 9 9 23 9 8 0 3 12 13 7 18 6 19 56 16 24 17 16 2 71 16 17 21 18 4 1 8 20 23 52 59 53 39 9 39 59 5 41 35 11 47 24 57 64 48 38 11 5 2 28 2 5 2 45 22
27 15 21 12 21 46 0 0 0 0 25 34 74 24 32 48 55 9 28 20 36 15 16 22 33 27 39 5 5 8 42 44 13 39 34 14 20 32 23 40 34 19 33 63 6 3 1 4 2 4 40 44 6 8 23 28 34 30 5 6 72 27 29 14 36 21 23 36 37 29 41 12 30 11 31 58 21 2 36 31 10 43 64 48 26 49 38 25 5 25 30 26 6 1 11 4
19 37 34 11 2 4 0 0 2 3 17 6 3 41 50 46 56 20 72 78 62 63 17 51 36 16 0 12 11 30 76 29 8 1 47 54 40 48 42 50 33 6 16 23 10 8 6 18 7 11 31 33 0 2 19 6 1 66 8 49 89 72 71 35 46 20 16 37 56 4 42 35 46 35 62 34 30 27 20 58 53 21 43 31 7 27 14 36 11 5 12 33 32 7 6 3
9 30 9 10 18 3 6 22 0 9 0 0 0 5 25 41 65 55 55 74 69 20 9 2 20 9 5 26 13 23 39 31 5 11 9 18 28 14 48 29 16 3 59 49 33 27 32 69 53 27 8 0 37 16 42 34 36 47 5 22 76 59 60 44 44 54 57 27 61 33 35 20 31 37 59 33 52 44 17 60 56 44 58 17 6 5 0 8 1 5 1 18 12 5 12 7
19 18 9 25 13 21 10 5 1 13 4 0 1 26 5 37 62 56 46 19 4 0 18 13 18 72 24 49 27 34 17 9 10 5 16 6 37 6 9 8 13 15 48 58 24 19 47 40 50 40 1 7 12 38 24 14 66 75 51 35 35 55 45 31 44 52 47 33 52 56 26 39 67 64 42 45 66 30 8 34 22 27 17 15 12 7 16 47 45 14 8 13 34 29 17 7
14 7 11 15 0 15 4 19 7 29 5 0 0 10 40 51 58 18 15 9 5 0 9 7 44 73 46 33 17 29 51 33 29 38 52 6 25 21 1 15 19 46 52 19 4 13 51 49 18 20 19 10 10 35 57 49 70 31 61 43 48 12 57 49 43 61 71 53 40 33 23 34 50 43 30 50 66 39 32 6 24 19 19 9 15 19 55 36 24 3 7 8 12 32 16 5
6 13 4 0 1 33 21 11 8 10 23 7 0 2 28 20 12 5 0 3 4 2 46 60 55 64 25 2 6 50 71 36 74 33 43 24 27 17 9 29 69 84 47 13 16 13 32 27 59 44 13 27 40 34 20 39 35 46 66 50 9 8 15 30 64 61 41 13 24 43 14 28 65 50 21 52 64 8 13 16 41 47 32 1 42 34 45 60 28 1 2 25 3 10 21 26
11 17 24 9 2 1 12 3 9 0 6 6 1 11 3 40 11 11 4 1 11 18 77 70 47 55 50 36 34 40 57 24 31 51 81 55 13 21 19 41 37 56 34 10 5 38 31 49 71 54 50 11 24 21 19 38 48 47 59 56 21 32 44 64 63 58 44 6 29 20 38 41 40 5 31 85 33 46 12 35 25 11 10 42 8 14 11 38 31 36 10 6 21 39 9 30
15 20 25 11 2 12 12 25 8 7 1 0 15 24 19 0 9 29 31 28 25 65 58 56 53 61 55 54 37 5 28 34 15 8 22 30 9 9 37 47 38 14 10 5 13 26 69 55 24 22 41 48 8 17 25 48 32 55 77 57 30 54 44 44 40 32 18 12 4 14 9 8 11 9 34 59 20 47 32 50 36 57 51 4 6 21 22 40 57 42 31 10 10 25 4 3
7 26 15 15 1 9 3 9 21 5 0 0 6 32 33 20 34 65 41 39 80 68 42 62 59 60 39 49 18 10 49 53 17 7 7 18 57 45 47 22 33 55 20 28 14 45 55 68 41 4 5 51 40 9 36 65 48 56 85 61 22 71 36 23 24 36 40 57 43 19 18 28 2 28 48 50 22 18 17 46 47 45 5 7 9 1 10 7 17 45 25 6 33 6 17 0
8 2 5 5 29 38 36 10 15 5 2 0 0 21 37 21 48 28 66 45 64 69 50 26 23 52 52 16 24 7 31 47 36 11 29 38 55 23 50 49 54 35 30 27 32 30 46 38 28 24 14 58 59 15 27 80 35 53 36 13 43 24 13 33 31 17 57 55 43 62 8 14 4 28 43 49 38 48 38 49 63 83 27 9 13 45 17 57 36 63 16 23 36 24 34 6
12 3 0 1 33 38 5 1 21 9 1 0 0 0 20 53 71 29 8 44 65 47 50 18 27 35 24 45 41 18 24 42 23 35 21 12 47 19 39 24 30 17 42 74 43 28 44 32 48 32 13 65 52 13 27 38 18 25 26 26 29 12 39 37 49 29 38 44 48 30 25 23 29 24 20 20 23 16 14 63 64 85 58 1 5 22 53 23 42 31 51 56 61 43 29 49
5 0 6 0 8 19 31 11 12 1 0 0 17 50 38 64 52 66 8 20 55 18 9 16 55 36 33 32 58 36 43 38 32 47 35 38 37 24 17 17 27 15 29 24 43 30 7 48 12 24 29 69 48 38 29 37 37 35 35 14 23 28 34 1 31 19 42 15 74 38 23 8 45 34 33 84 84 29 18 45 15 48 38 36 15 17 33 60 19 29 39 55 68 36 61 59
4 19 13 6 0 25 11 20 3 3 6 25 43 39 66 68 54 19 13 25 25 10 14 74 69 50 47 30 55 20 18 16 46 31 19 24 52 21 8 22 40 65 52 47 56 25 34 15 9 22 39 38 73 43 50 44 33 59 48 55 36 52 33 32 21 54 41 59 67 25 42 67 68 66 73 57 80 31 54 18 34 16 50 65 7 10 69 32 14 21 22 37 35 32 48 79
33 21 7 8 4 3 7 4 19 13 28 34 35 22 15 23 21 15 6 8 37 3 18 33 42 35 14 36 49 0 45 72 29 14 28 52 27 39 69 15 44 59 23 42 49 10 9 0 21 47 40 31 58 39 33 26 22 52 67 51 15 50 62 91 78 70 67 48 63 11 20 25 52 74 54 26 38 52 52 11 15 15 38 42 13 14 36 27 44 27 48 16 64 22 33 44
58 12 1 4 0 8 4 7 4 27 11 22 25 14 6 3 15 40 16 1 6 55 82 24 27 9 15 28 3 0 7 24 16 58 47 48 13 16 49 62 69 62 71 56 45 21 6 9 37 58 58 68 71 27 49 69 41 16 21 40 36 42 58 41 66 41 59 64 70 54 43 41 25 61 68 53 82 72 63 25 46 39 55 37 19 39 20 29 60 63 64 22 47 25 44 57
49 10 34 47 29 26 21 23 2 35 7 28 1 5 15 37 53 49 33 33 26 39 55 45 35 21 52 42 45 27 18 5 30 43 45 34 10 26 6 40 62 59 39 28 35 4 28 46 42 76 67 21 22 43 40 65 37 41 2 35 33 44 65 70 47 31 59 55 44 19 68 33 21 16 40 51 54 49 73 6 16 27 20 21 16 20 17 17 51 76 72 40 15 24 47 64
8 11 22 48 19 11 5 23 10 18 23 26 18 35 26 35 64 46 52 38 52 64 43 54 58 36 15 73 54 42 48 5 21 36 72 44 38 13 39 51 55 84 39 30 35 49 42 25 24 94 90 30 20 29 62 83 70 65 55 39 49 54 65 61 30 66 82 60 35 43 59 24 19 9 6 30 62 60 55 10 50 46 11 24 16 12 46 45 44 49 67 63 31 37 20 21
33 53 54 14 10 24 37 8 17 0 41 6 7 55 18 70 64 45 17 37 50 62 62 13 37 46 34 42 56 57 24 27 17 40 39 38 34 16 46 37 66 42 51 48 32 30 79 38 14 50 46 35 29 45 46 60 73 43 32 48 44 9 51 66 39 70 67 45 53 65 82 50 39 25 37 55 50 31 44 12 59 32 13 13 4 12 35 38 61 40 8 46 27 32 65 36
32 68 35 15 6 23 40 14 1 0 6 7 24 45 40 41 45 3 30 58 45 48 56 20 30 27 62 45 35 38 39 29 7 20 16 18 33 6 43 32 44 77 53 72 70 54 74 70 55 56 35 70 59 20 54 76 60 78 74 75 44 34 48 54 56 41 51 62 43 50 67 72 42 43 69 67 31 56 5 6 40 51 18 8 34 36 9 14 61 70 29 51 36 36 37 36
31 34 22 8 9 5 28 20 6 9 39 34 22 25 11 32 8 15 13 32 51 22 68 73 25 35 44 45 25 15 0 16 25 27 1 21 56 42 68 37 20 55 56 65 65 63 75 56 49 68 14 46 64 44 69 59 65 72 60 64 36 55 77 56 58 45 64 53 44 56 45 56 52 49 58 84 20 27 38 52 51 35 19 20 85 31 7 16 16 67 20 21 9 25 22 33
9 19 31 16 12 12 21 40 35 30 27 28 26 51 32 25 8 7 38 46 66 69 58 47 50 23 1 0 6 16 6 34 18 1 9 44 46 26 63 11 48 77 51 73 82 69 80 26 6 9 36 39 61 54 73 66 75 88 57 49 43 12 47 51 66 51 40 37 35 35 51 53 65 31 60 62 49 40 51 45 37 27 45 38 41 51 57 36 11 30 15 14 16 46 24 29
6 1 43 35 38 42 1 12 4 11 26 45 9 46 9 18 31 37 26 62 61 70 50 44 15 21 7 8 26 52 62 78 48 21 49 47 49 35 25 57 53 74 37 50 53 47 65 25 11 36 56 72 61 34 41 60 62 41 42 78 42 32 55 42 48 58 61 49 59 37 55 22 17 44 58 42 50 21 29 40 33 22 31 41 31 32 59 74 56 49 26 57 38 27 12 23
21 3 33 30 33 3 3 3 0 5 0 3 10 1 23 32 19 35 48 33 60 59 16 40 53 55 31 54 63 61 69 69 44 37 15 42 53 75 53 57 79 65 73 64 69 53 16 3 11 50 43 41 61 26 32 39 31 26 46 69 36 50 69 58 53 69 74 23 78 42 17 64 57 61 45 41 30 51 18 4 7 9 8 13 45 49 32 68 65 71 54 85 71 60 12 35
24 20 65 64 20 0 3 5 0 10 0 4 0 0 18 20 27 10 28 38 38 48 40 28 42 24 36 39 56 42 71 72 55 59 31 46 39 64 72 83 59 72 26 51 62 59 32 27 16 35 35 73 42 48 31 33 57 49 66 29 60 46 70 75 69 71 74 32 46 47 47 57 40 49 33 31 17 30 2 7 18 52 41 38 58 70 68 66 64 50 40 65 83 49 43 45
44 55 63 30 21 10 3 8 11 25 19 20 42 68 44 27 62 8 18 17 32 25 39 70 37 62 14 21 40 60 49 66 64 44 51 53 36 44 38 44 44 70 76 56 64 61 39 37 29 51 46 41 41 41 53 36 21 19 22 15 28 77 50 60 43 51 80 39 21 37 60 55 23 42 30 8 8 15 0 18 52 56 66 20 63 58 50 72 33 66 76 54 57 61 62 25
30 32 49 29 54 30 52 47 49 54 55 47 37 64 22 2 43 19 9 12 34 48 16 45 14 58 16 55 27 61 37 36 31 27 35 8 16 13 87 69 64 65 42 75 49 40 27 2 15 23 19 15 24 36 17 34 27 22 5 15 27 67 68 69 30 53 76 47 32 52 48 36 43 66 38 17 18 11 10 15 31 31 22 25 27 61 62 58 25 20 23 77 69 68 29 25
31 62 48 45 21 22 32 18 4 6 40 46 18 13 17 34 18 6 9 24 38 40 44 33 21 29 72 34 29 71 22 17 54 36 48 55 42 52 78 59 72 53 86 76 56 16 12 9 7 4 34 29 50 50 19 42 34 40 43 11 37 42 76 65 46 52 69 52 36 54 40 42 52 44 32 0 17 15 22 62 53 22 40 6 29 33 56 60 11 18 25 76 72 44 25 63
10 52 32 10 2 5 9 4 6 0 8 41 22 26 47 40 44 48 43 57 45 38 21 12 31 20 72 83 63 50 51 49 45 39 27 20 9 29 56 67 59 75 40 57 19 27 2 10 15 4 41 40 31 43 68 36 40 57 50 64 55 41 48 68 27 35 60 62 46 28 29 33 33 54 14 0 2 14 39 47 36 40 5 11 30 36 47 70 28 56 62 59 46 51 24 42
23 55 47 11 0 19 10 1 1 3 3 25 14 46 37 23 26 38 12 51 43 29 22 28 55 63 18 35 29 60 44 56 55 47 41 59 47 10 44 58 62 32 7 33 20 11 12 12 16 10 7 31 38 44 50 31 50 38 37 58 43 59 54 54 29 28 14 54 54 36 10 24 38 59 32 30 55 9 24 45 80 61 27 31 9 38 42 57 50 46 74 37 19 20 3 53
27 41 51 63 39 7 16 24 10 22 21 26 40 28 40 58 47 36 22 37 60 22 16 63 32 41 49 37 47 52 54 65 49 73 41 79 74 13 34 27 53 45 27 16 1 8 7 7 32 0 3 29 30 64 40 33 35 58 39 37 46 54 25 35 48 28 46 70 76 45 42 27 29 35 30 45 50 80 77 53 47 42 40 17 49 28 32 36 60 32 20 25 58 11 39 63
6 5 19 47 45 26 2 12 9 8 2 27 34 14 34 45 36 57 11 27 23 41 46 50 40 10 50 63 40 53 37 23 33 51 31 39 53 45 32 26 31 40 10 13 52 37 2 1 15 2 16 35 5 28 69 54 40 54 42 40 13 10 15 37 30 72 69 55 39 47 45 41 43 28 20 56 48 34 69 75 57 68 46 33 48 74 50 26 19 45 66 35 3 1 16 40
0 0 14 14 46 39 13 8 9 13 5 21 15 17 53 50 36 38 14 27 30 17 48 51 16 23 41 71 74 63 56 29 35 53 85 68 38 7 5 17 30 37 23 37 5 16 15 45 40 26 14 37 14 45 38 62 49 48 54 49 10 0 9 7 9 32 9 1 1 3 29 46 23 58 22 42 53 66 57 41 72 62 42 40 27 41 30 26 35 37 34 13 0 16 18 55
2 11 25 10 8 17 24 13 10 9 25 3 5 59 34 30 62 56 43 21 61 67 26 8 35 22 48 65 55 25 57 42 29 41 29 28 40 18 0 12 31 14 52 28 15 22 22 6 38 18 44 37 23 22 26 55 41 59 55 27 30 12 38 9 11 21 13 0 22 0 10 17 45 53 10 9 30 73 65 55 57 47 32 57 49 63 42 52 68 40 46 33 11 19 22 57
0 1 33 21 5 18 23 7 3 11 23 14 24 36 28 9 25 27 15 16 66 80 20 9 18 20 47 55 36 73 60 52 70 37 81 45 10 7 11 28 41 4 39 20 41 27 37 17 50 37 44 41 55 39 30 54 63 57 36 48 24 4 2 10 25 11 1 19 18 49 19 0 10 49 59 65 56 43 65 65 62 65 48 32 58 59 72 85 45 34 75 36 21 65 37 37
24 8 35 30 43 11 10 19 17 19 20 18 25 69 58 30 16 13 57 36 51 74 27 29 15 19 33 35 17 30 42 60 65 14 43 60 69 75 58 54 30 58 18 31 18 43 20 36 29 53 23 9 33 25 48 47 45 45 54 18 20 36 16 9 8 22 10 0 26 37 25 25 35 32 76 73 61 41 48 55 64 57 35 49 72 54 62 40 66 49 60 37 53 42 70 52
48 21 3 25 45 37 1 11 59 31 25 45 49 61 77 43 58 36 64 46 65 53 8 14 67 20 20 20 34 32 39 63 46 33 30 62 61 69 64 62 47 72 57 51 29 49 39 51 46 57 33 30 27 28 42 56 39 52 41 28 38 48 41 51 48 3 12 39 30 34 33 74 50 42 54 64 74 51 55 63 65 51 59 12 73 70 71 40 66 60 69 75 61 45 64 45
19 28 16 24 69 36 32 45 16 53 43 51 52 50 37 62 34 21 52 46 68 60 28 5 53 66 32 44 61 21 62 55 62 67 61 64 39 71 29 38 49 64 57 35 18 39 58 26 42 63 40 30 41 24 49 46 52 66 58 33 44 51 37 37 28 14 20 31 73 27 37 77 47 40 46 54 78 79 69 70 72 65 73 22 30 41 66 28 49 68 59 78 22 41 39 16
21 36 33 46 47 3 12 19 17 26 34 55 61 39 25 48 33 16 25 11 35 18 38 13 53 70 64 29 35 36 69 51 51 65 54 49 26 66 50 39 22 47 34 41 41 31 36 28 45 58 61 39 57 10 44 57 55 50 23 62 65 38 40 35 64 46 30 40 67 59 44 64 48 75 70 72 86 65 57 73 81 26 57 49 50 36 21 37 86 73 91 80 76 77 11 37
2 3 10 42 49 13 10 18 20 30 7 2 34 9 23 66 23 13 27 0 11 10 31 29 42 35 44 44 19 46 68 76 70 46 45 34 49 53 38 72 81 44 22 14 42 38 30 16 34 42 43 75 54 46 28 50 36 69 68 44 60 63 69 37 76 70 71 68 49 65 74 61 74 84 57 65 76 70 73 58 69 54 33 26 46 51 57 68 60 67 65 55 76 75 87 93
16 13 28 39 31 37 44 22 3 0 4 18 31 6 40 13 13 20 14 9 33 32 33 50 37 38 73 71 31 41 71 74 55 46 43 50 32 61 77 67 58 60 48 46 43 55 29 34 16 59 51 54 25 32 28 68 24 20 74 51 53 45 45 30 36 70 61 68 71 21 43 46 59 49 56 59 66 83 63 37 60 59 54 29 35 43 65 63 73 60 36 59 52 77 69 46
24 16 21 19 48 56 40 19 73 10 32 29 36 30 13 15 5 16 7 9 35 33 12 38 64 39 86 69 31 71 74 71 38 61 66 55 30 56 54 60 44 65 44 61 62 55 44 45 34 34 66 29 36 10 41 47 19 58 76 47 50 53 55 81 73 34 60 64 68 61 55 69 36 56 65 67 40 40 37 27 58 60 46 56 64 70 80 52 70 36 42 51 57 50 27 53
32 39 39 26 31 12 44 40 27 39 45 36 17 15 41 44 50 28 38 18 16 9 8 45 46 40 65 61 64 65 79 71 65 89 77 61 65 43 33 49 88 46 63 74 42 73 25 15 46 41 30 20 9 42 35 42 56 78 58 44 45 72 37 57 38 24 35 23 42 69 80 62 73 70 41 52 24 10 41 41 37 44 54 64 69 74 46 23 49 48 42 25 67 58 71 76
56 76 23 38 16 1 9 2 15 59 51 25 15 17 23 2 14 31 62 8 11 15 30 20 54 52 88 90 86 58 39 52 69 64 23 58 56 14 50 73 65 43 85 71 54 48 20 43 61 40 13 40 39 57 56 27 72 55 37 35 39 24 71 36 53 59 23 16 49 73 69 58 74 48 35 62 44 25 8 19 48 45 38 39 50 36 55 31 21 37 51 51 61 52 66 50
44 28 3 39 45 19 24 19 17 20 11 20 58 44 28 0 3 5 42 37 20 8 18 38 39 40 70 92 63 41 62 32 69 42 38 51 44 43 65 52 23 25 67 27 35 67 41 65 59 43 25 34 44 59 69 72 71 28 28 53 41 42 28 9 41 64 15 17 53 56 49 25 78 36 27 42 55 39 15 25 65 65 65 83 16 14 38 33 83 44 6 36 62 48 36 36
23 32 16 31 15 0 47 73 34 21 0 4 38 5 23 1 23 1 22 12 12 27 12 15 37 46 72 65 51 45 27 32 65 56 57 39 20 32 36 56 43 40 67 55 66 70 51 58 54 47 23 22 28 54 26 76 64 34 67 58 73 34 39 51 36 39 31 28 61 70 43 15 53 19 65 68 39 54 61 75 43 53 60 74 53 66 58 52 54 21 2 3 19 8 31 61
14 9 29 32 33 47 12 30 22 40 13 17 17 42 30 11 3 31 49 22 46 8 34 22 21 50 56 60 78 53 51 47 77 57 68 26 26 29 28 17 45 71 49 48 51 47 52 53 74 57 15 22 20 25 51 48 41 29 48 59 62 57 59 56 51 75 74 41 37 70 61 78 53 32 35 62 48 78 66 65 57 31 44 45 45 74 68 20 62 66 71 39 31 14 45 66
23 21 40 36 32 20 8 24 3 6 2 36 68 88 79 40 39 26 19 6 12 46 45 29 11 53 39 34 30 23 67 76 37 67 52 33 49 21 58 25 57 66 57 31 24 53 30 65 20 40 65 60 59 74 47 60 33 62 38 40 79 25 38 37 76 57 45 62 50 62 76 74 27 26 41 66 72 52 71 56 43 72 68 36 52 73 77 66 57 43 7 27 28 46 59 48
30 25 10 8 0 6 31 40 41 11 3 12 21 39 61 51 46 69 33 25 19 43 22 69 26 43 29 25 59 54 39 61 49 50 54 66 73 55 64 45 7 27 58 22 57 80 30 63 36 64 47 59 83 76 78 62 46 43 49 67 80 57 53 54 59 71 60 42 42 54 48 54 64 56 70 32 75 70 83 76 54 40 69 60 87 50 69 62 55 69 22 33 50 57 50 36
1 32 48 28 7 0 0 1 6 6 1 12 18 26 7 7 19 15 31 25 50 53 13 25 25 22 32 46 65 51 50 46 29 55 49 38 23 77 59 73 65 32 51 41 61 46 45 39 72 68 7 54 68 73 60 48 70 49 50 40 45 48 37 47 54 20 17 48 72 43 6 5 53 70 75 60 79 75 56 67 74 59 71 77 71 56 67 61 50 55 64 15 50 70 62 33
50 39 31 6 19 0 9 19 41 45 7 4 0 4 21 12 6 13 28 14 49 82 38 27 32 65 64 28 27 20 37 42 22 30 37 37 61 29 36 69 67 77 62 61 41 12 27 32 53 51 67 66 72 65 24 45 47 44 37 65 59 45 23 47 13 43 83 65 45 45 71 11 28 58 58 57 59 78 90 85 63 33 70 73 91 52 51 46 55 37 38 28 71 37 56 40
12 9 10 11 56 10 35 55 69 41 37 11 10 18 26 38 19 30 2 12 55 48 68 44 22 32 15 36 71 67 50 67 13 21 30 27 20 27 21 55 27 48 76 71 66 63 16 38 62 46 55 48 63 64 64 59 52 31 24 21 21 13 26 46 25 47 60 31 40 77 49 12 30 27 43 67 70 73 87 85 38 57 51 82 67 46 52 39 22 30 64 61 69 32 48 31
22 29 11 18 15 19 57 37 38 50 32 9 7 3 7 9 73 22 2 1 11 37 26 40 35 38 56 45 63 60 39 26 45 43 27 75 37 32 60 74 49 29 54 23 64 73 63 45 64 55 52 39 64 52 85 82 40 43 66 51 49 45 23 49 40 33 51 25 43 58 51 44 34 73 23 40 61 21 58 26 33 72 64 56 65 42 61 40 39 51 59 47 60 69 52 44
32 22 14 66 24 10 23 15 33 13 1 0 2 3 4 10 50 19 0 0 0 21 33 41 23 4 35 51 40 38 43 41 44 65 34 28 28 24 56 76 53 41 50 77 53 46 54 70 38 57 34 48 66 48 47 88 89 49 96 71 73 56 39 35 33 34 35 58 67 55 55 43 38 57 67 48 75 21 6 25 56 66 58 50 45 38 40 48 40 59 51 63 54 51 65 31
44 8 5 7 2 35 1 35 31 27 22 3 39 14 37 3 7 11 20 2 8 49 54 36 2 9 7 51 79 47 73 37 37 44 48 38 24 20 30 56 68 60 80 99 82 85 59 82 91 74 82 18 81 56 74 38 84 58 91 78 22 19 58 71 74 71 61 87 78 57 14 30 67 94 63 66 47 72 10 55 51 34 23 62 52 39 41 34 45 59 32 51 71 71 23 44
10 0 6 0 0 42 18 27 59 79 53 11 18 16 28 27 12 14 40 0 17 59 34 22 16 25 67 68 85 97 70 76 29 68 48 87 84 56 60 77 76 17 46 90 85 78 83 53 70 55 66 35 59 61 58 54 59 61 55 50 31 47 41 68 84 77 59 46 62 64 29 40 38 55 47 48 55 36 3 31 28 7 12 11 31 85 63 76 70 75 81 16 45 17 21 21
18 5 6 1 3 23 11 18 62 71 35 4 37 33 16 31 34 0 4 18 41 48 31 53 15 7 15 17 59 73 50 78 49 68 78 58 90 68 79 58 47 46 30 64 83 65 48 58 46 32 16 5 68 51 35 55 49 64 48 78 85 49 67 55 66 47 43 42 44 31 22 52 34 34 50 25 7 35 21 48 36 2 15 23 0 15 36 78 29 49 68 12 32 12 0 8
19 35 44 17 22 9 22 61 41 8 30 2 51 14 40 22 45 15 1 1 41 19 61 33 19 4 59 22 19 35 36 76 44 62 86 96 94 66 30 59 70 96 66 59 42 28 39 30 19 14 42 43 68 37 77 52 75 82 75 77 50 32 88 71 54 16 31 62 24 39 79 36 42 40 45 60 0 25 57 14 45 23 5 4 0 3 17 11 37 63 47 5 2 4 0 7
7 12 24 20 7 21 1 13 39 16 24 11 53 9 46 60 32 42 45 5 11 48 66 51 8 24 16 14 12 42 56 80 23 51 82 84 80 81 57 53 28 38 48 29 36 3 20 6 31 11 25 2 12 46 71 57 67 88 69 66 58 48 78 42 29 54 54 36 45 30 36 8 34 32 63 69 44 19 82 56 34 56 12 12 3 3 6 4 24 66 55 1 2 0 0 0
2 5 1 14 12 13 15 8 15 42 46 6 18 7 24 63 37 8 49 35 20 54 77 43 13 21 15 19 31 19 42 31 5 23 47 32 66 17 11 32 50 0 7 11 7 2 0 7 1 8 5 0 14 53 28 31 33 64 37 70 88 45 48 53 76 77 76 93 86 40 12 23 15 28 59 51 22 54 22 19 22 36 79 67 31 1 5 22 12 2 0 0 0 0 0 0
0 17 3 17 8 10 2 3 7 0 26 36 15 16 48 17 30 21 15 16 22 40 25 13 37 42 14 22 30 34 24 9 8 7 12 9 7 2 7 27 27 1 1 0 0 0 0 4 0 0 0 0 1 23 19 19 41 34 45 44 46 38 46 77 30 66 19 59 49 62 50 10 16 42 56 19 33 35 24 67 36 28 56 38 63 18 25 1 0 0 0 0 0 0 0 0
1 2 4 3 9 1 32 11 31 0 18 45 40 6 5 31 25 14 5 2 27 10 11 30 17 44 40 8 0 15 7 12 20 2 4 9 9 16 5 0 0 0 0 0 0 0 0 0 0 0 0 0 0 6 31 31 19 50 47 41 64 61 78 62 59 45 39 98 82 19 69 58 46 46 41 84 57 45 21 29 30 12 32 64 80 5 0 0 0 0 0 0 0 0 0 0
4 3 1 7 2 7 15 18 9 0 0 7 1 0 24 15 1 16 2 13 27 0 6 24 3 4 5 5 18 13 14 3 0 0 0 0 0 0 0 0 0 0 0 0 0 0 0 0 0 0 0 0 0 0 0 0 14 13 21 33 43 31 80 78 35 11 42 41 36 9 66 60 55 65 64 89 85 83 54 6 2 23 9 18 23 0 0 0 0 0 0 0 0 0 0 0
1 6 0 23 11 6 2 10 13 9 0 10 19 1 27 34 42 28 3 0 4 4 18 9 0 0 2 1 4 1 0 5 0 0 0 0 0 0 0 0 0 0 0 0 0 0 0 0 0 0 0 0 0 0 0 0 0 0 6 32 11 5 25 30 5 12 34 18 23 27 67 81 55 52 48 61 72 73 34 14 46 54 13 4 0 0 0 0 0 0 0 0 0 0 0 0
4 2 13 32 3 22 63 27 3 5 4 6 11 3 27 18 15 30 14 2 3 0 0 0 0 0 0 0 0 0 0 0 0 0 0 0 0 0 0 0 0 0 0 0 0 0 0 0 0 0 0 0 0 0 0 0 0 0 0 0 4 0 2 10 5 3 17 18 17 7 39 50 44 29 2 58 78 89 35 9 21 22 2 4 0 0 0 0 0 0 0 0 0 0 0 0
