Data/Land Cover 1km/FME_656D6600_1589209169783_10689/temp/lcm2007_aggregate_classes_1km_gb_10.asc
ncols 700
nrows 1300
xllcorner 0
yllcorner 0
cellsize 1000
[rows 984 to 1065 of 1300, columns 384 to 479 of 700]
0 2 0 0 1 1 1 0 0 4 0 0 1 5 1 0 1 0 2 0 2 2 1 7 28 30 0 1 1 2 0 3 14 21 1 1 3 0 1 0 15 0 0 2 1 35 10 33 15 3 12 12 14 1 1 3 3 15 23 40 29 5 0 1 2 1 1 1 3 5 1 5 8 42 11 11 72 15 7 1 2 4 3 1 0 0 0 0 0 0 1 0 0 0 2 0
1 0 0 0 2 1 0 2 51 14 0 0 0 3 7 6 4 3 0 0 0 7 4 4 5 1 0 2 1 1 1 0 14 35 0 6 0 0 0 1 0 0 1 1 1 2 2 31 12 0 3 10 18 0 5 1 11 44 89 40 71 60 0 2 5 2 1 2 24 11 1 2 1 29 74 10 41 1 3 2 9 27 1 0 1 0 0 0 0 0 5 0 0 0 0 0
0 6 2 1 0 0 2 6 93 20 7 0 0 28 30 63 39 1 3 0 0 1 0 0 2 1 6 0 1 4 9 14 13 0 2 2 0 2 2 0 2 0 1 0 9 1 1 10 4 4 3 0 1 4 0 4 35 11 79 37 67 22 0 0 7 0 0 0 11 11 10 3 12 39 38 15 19 11 6 34 36 3 0 1 4 0 1 0 0 0 0 0 0 0 0 0
9 25 1 2 0 1 0 0 4 9 0 2 6 29 85 68 43 17 34 2 21 5 1 0 1 0 3 0 3 5 49 41 2 1 4 0 0 5 0 1 2 1 0 0 5 0 1 8 17 48 4 2 0 3 1 0 1 9 45 4 10 5 1 8 5 0 1 1 0 1 0 6 15 18 44 12 2 12 12 30 42 2 0 0 1 1 2 0 1 0 0 0 0 0 0 0
0 0 1 0 3 0 0 3 1 4 0 0 2 46 87 90 72 59 1 6 4 3 1 3 1 2 1 20 23 0 7 6 2 0 1 0 0 2 2 0 0 4 1 0 0 1 2 4 29 41 2 1 0 0 0 2 11 9 24 25 35 31 3 16 5 2 1 0 11 1 1 17 18 0 0 28 10 64 82 44 0 6 0 0 1 1 3 0 0 4 0 0 1 0 2 0
0 0 1 0 1 1 1 14 5 6 0 6 32 79 82 65 96 60 2 9 50 24 2 2 0 0 50 87 79 28 15 0 1 1 4 3 2 6 0 2 1 12 0 1 1 0 11 8 2 6 0 1 0 0 13 13 65 15 2 14 3 2 4 8 32 26 0 13 8 2 0 14 16 15 5 22 3 64 21 5 3 2 1 0 4 2 0 0 2 2 1 2 0 8 2 1
1 3 0 0 20 1 1 12 0 9 3 3 37 98 74 40 5 7 9 55 87 94 42 18 0 2 23 76 88 74 2 3 2 1 2 3 0 0 0 0 0 0 0 0 0 2 5 18 1 0 4 2 1 2 1 0 17 2 1 5 2 0 0 2 22 45 12 7 15 5 21 25 10 14 50 90 24 89 11 6 1 1 5 0 0 0 0 0 0 2 1 1 0 0 0 1
0 0 1 5 39 1 0 36 8 3 11 4 16 70 82 33 2 33 52 15 72 89 53 6 0 0 33 79 75 32 2 9 50 3 1 1 0 0 0 0 0 2 0 1 0 3 4 1 1 0 0 0 0 1 0 1 1 1 5 5 9 0 4 2 6 8 1 7 5 1 45 29 60 60 39 47 57 96 25 0 0 1 3 5 0 1 1 0 0 0 1 0 0 0 1 0
0 0 1 1 3 0 16 4 4 1 2 21 10 30 85 47 13 39 42 11 29 25 14 3 1 1 1 4 10 1 2 8 0 0 0 4 0 0 1 0 0 0 1 6 1 2 0 0 0 1 0 0 0 1 0 1 0 10 0 1 0 1 20 1 0 6 2 21 65 36 25 34 71 74 77 55 76 84 63 21 1 0 0 0 2 4 2 0 2 0 0 0 1 3 0 0
2 0 2 0 0 0 18 17 9 0 23 11 11 63 65 47 0 9 14 33 43 41 3 4 9 7 5 9 5 5 1 21 1 0 0 2 10 2 1 0 1 0 0 2 2 24 0 2 4 0 0 0 0 4 0 2 0 0 0 0 0 0 2 0 0 0 7 28 43 19 82 81 56 68 94 89 97 68 20 70 19 0 1 2 3 0 3 0 0 1 0 0 0 0 0 0
3 1 0 1 0 0 0 5 38 37 24 2 11 6 22 14 1 3 0 26 67 53 1 9 6 2 5 17 3 5 1 0 2 9 17 59 76 37 0 0 0 3 0 2 1 1 0 0 0 7 0 0 2 0 0 4 1 1 37 6 1 0 1 1 4 0 1 47 15 28 95 68 85 94 74 97 98 84 91 84 63 6 0 0 4 1 1 2 4 0 4 0 0 0 0 3
0 2 10 2 1 0 1 40 28 18 23 3 9 16 1 4 1 7 40 18 42 57 10 9 1 1 52 26 4 16 1 5 2 17 15 67 90 37 47 58 8 1 5 1 7 0 1 0 0 4 0 0 1 0 3 2 0 0 1 0 11 2 0 1 4 5 2 46 38 29 81 43 95 93 99 99 91 99 96 81 79 24 0 0 1 7 4 0 1 0 0 4 0 0 3 2
1 4 73 71 20 20 38 82 55 7 3 14 42 3 18 71 46 56 53 0 47 76 15 13 1 0 4 2 1 12 2 1 5 3 1 37 53 80 86 86 7 5 15 0 20 1 2 1 0 0 2 1 0 1 0 15 30 2 1 0 40 16 0 48 19 0 1 7 80 72 79 57 79 97 94 73 99 84 74 68 20 11 0 27 13 7 0 4 2 0 0 4 0 2 0 0
1 2 37 48 20 52 68 90 59 47 5 19 57 47 59 86 93 50 55 64 33 71 18 2 0 0 2 1 2 7 2 1 1 8 35 37 49 86 70 79 37 19 46 3 0 0 0 0 0 0 0 0 6 0 1 4 17 0 3 1 6 1 0 15 6 0 1 1 48 26 74 60 89 67 87 83 97 72 27 4 4 2 1 1 0 1 1 15 15 5 4 0 0 0 0 0
4 1 2 9 24 84 30 96 87 93 69 77 77 88 50 86 98 65 47 49 33 90 21 3 1 8 5 9 0 7 1 1 1 11 1 25 34 87 79 76 47 28 37 3 2 0 0 0 17 6 0 0 0 0 0 0 0 1 4 0 0 0 1 9 18 1 3 0 1 0 57 68 50 44 77 89 97 84 70 11 3 11 3 0 0 2 0 1 0 0 0 0 3 0 0 0
0 12 36 79 55 79 75 82 93 95 89 69 89 99 24 93 92 94 40 22 94 85 24 6 18 48 71 8 1 6 2 0 1 0 2 6 4 56 75 65 27 18 29 2 4 1 1 1 4 1 0 3 0 0 4 2 0 0 3 5 7 5 0 0 1 0 1 0 4 26 34 77 22 84 95 92 44 51 95 75 2 0 0 1 1 1 0 2 1 1 0 1 1 2 4 1
5 30 77 72 65 75 96 93 88 95 97 68 80 91 72 67 85 71 72 1 22 49 6 21 38 88 93 83 49 31 13 2 1 0 1 2 4 39 1 12 9 18 8 19 9 2 0 0 2 0 0 0 2 0 0 1 0 0 0 0 0 0 0 0 1 1 1 5 15 59 13 26 57 90 61 93 94 62 56 83 19 8 2 0 0 2 0 3 0 0 0 0 2 0 0 0
1 3 48 60 84 81 91 100 96 93 83 90 100 92 92 87 99 100 64 3 17 11 28 80 62 1 29 95 87 15 17 6 2 4 3 2 9 6 11 30 20 4 8 36 3 10 60 48 1 0 0 0 1 0 0 1 3 0 0 8 6 0 18 21 0 0 4 5 13 64 43 17 51 52 83 75 84 71 0 1 9 24 15 4 0 1 0 2 0 0 1 0 1 0 0 0
0 4 11 47 98 89 95 97 93 89 89 92 85 97 93 98 86 98 88 92 21 2 10 92 41 5 19 92 70 57 2 13 2 1 1 1 2 21 32 0 3 1 2 17 0 2 54 80 39 1 1 3 0 0 1 22 20 4 1 4 66 66 74 15 0 4 1 21 18 74 40 41 81 12 10 5 35 28 0 3 3 40 3 8 0 1 0 0 1 0 0 0 0 0 0 0
2 1 0 2 80 82 96 94 89 89 92 95 74 98 83 83 88 78 37 66 24 3 7 36 33 23 16 61 79 74 71 5 7 0 1 5 6 44 11 1 8 0 1 4 2 0 0 23 15 0 5 5 1 9 4 3 1 0 2 16 50 15 14 2 6 7 2 16 1 5 18 72 57 10 1 2 4 9 1 5 0 3 5 0 0 0 1 1 0 0 0 0 0 0 1 0
2 5 6 23 77 73 28 28 77 88 76 95 84 90 90 85 75 65 79 21 40 26 97 90 75 46 20 76 76 75 36 2 4 7 7 1 2 15 0 5 14 1 0 0 3 1 3 3 5 10 3 3 6 14 7 0 3 27 57 57 3 1 2 9 17 15 3 47 1 0 37 22 6 60 71 2 0 1 3 1 0 0 0 4 1 0 0 1 0 0 2 2 0 0 0 0
0 4 1 16 16 2 17 62 85 90 82 77 79 93 93 80 83 86 42 52 86 54 48 100 96 95 94 100 73 38 24 5 4 3 7 3 5 7 0 1 0 1 0 2 2 2 2 2 26 13 4 0 2 1 4 1 23 71 97 81 4 1 7 1 30 15 0 2 0 0 35 8 1 2 0 0 1 1 0 0 10 2 0 15 33 0 1 4 0 0 4 0 0 12 2 0
3 4 38 68 3 6 20 85 59 89 88 93 93 89 100 94 81 79 20 85 92 96 90 88 94 82 84 98 49 62 52 4 1 9 15 0 4 5 1 1 2 0 0 0 0 0 6 17 68 49 9 4 47 51 17 33 78 79 96 81 42 4 5 1 27 21 2 17 44 1 0 7 3 1 0 0 0 0 1 1 43 16 2 23 54 4 0 9 6 0 0 0 0 0 0 1
2 45 87 72 3 4 22 36 82 72 92 92 90 95 97 94 98 21 6 3 68 89 75 83 77 78 86 91 77 44 85 74 57 23 19 34 43 21 1 2 1 0 0 1 1 1 3 9 38 56 46 59 84 81 39 5 14 22 70 82 47 8 1 3 4 0 0 0 40 52 0 5 4 1 0 1 0 4 0 0 2 13 0 3 0 0 1 2 4 0 5 0 0 0 0 4
1 18 12 12 6 1 45 88 78 73 72 96 97 53 92 89 100 23 3 7 82 51 77 83 95 91 98 78 89 93 94 60 46 35 28 70 50 19 4 1 5 1 0 0 1 2 3 23 69 81 82 77 91 65 6 0 0 1 17 37 10 1 0 11 13 0 0 0 9 24 0 2 2 2 0 0 0 0 2 0 1 0 0 0 0 3 0 2 2 0 0 1 0 2 0 1
1 0 20 14 31 27 38 68 72 78 88 94 95 83 85 93 95 91 56 92 97 83 99 95 99 88 94 100 100 95 71 53 52 31 24 71 15 1 3 3 1 10 2 0 4 1 0 0 0 7 40 66 82 91 52 4 0 1 6 12 0 0 0 1 1 0 3 1 15 0 12 12 3 0 0 0 1 0 1 4 0 0 0 1 1 1 9 6 1 0 0 0 0 1 0 4
0 1 6 59 96 92 87 43 82 100 94 84 75 69 98 95 99 86 96 99 97 91 100 96 92 98 96 94 83 80 85 97 97 61 9 36 13 0 1 0 1 3 1 6 23 24 0 1 0 7 6 75 29 40 74 17 2 1 2 1 0 2 2 0 0 0 0 0 6 3 0 6 0 1 2 9 10 0 1 0 2 2 0 0 0 6 9 0 0 1 10 1 0 0 0 0
3 0 7 13 95 80 88 62 80 75 87 55 63 82 76 90 81 95 95 98 94 94 100 99 96 100 95 89 76 58 56 78 81 76 6 29 27 1 0 3 0 1 2 4 1 1 0 1 0 0 1 35 6 0 13 1 31 8 2 7 0 1 2 0 1 16 2 0 3 0 1 4 3 7 8 10 2 0 0 0 1 1 0 0 0 0 1 0 27 34 32 2 1 0 0 0
2 2 4 7 95 87 68 93 96 49 98 88 75 97 94 85 97 91 93 96 93 100 100 100 97 96 97 94 82 88 84 52 55 60 44 18 17 0 0 0 1 1 0 3 9 1 1 0 1 2 12 90 62 1 31 14 2 3 16 5 1 0 0 1 1 2 26 1 1 1 6 0 1 18 3 4 0 0 0 0 0 0 0 0 0 1 23 2 71 91 89 3 0 3 2 0
0 3 2 8 70 90 90 93 95 70 91 98 91 98 77 59 95 81 88 82 82 99 100 100 95 100 94 82 66 86 85 94 82 81 89 27 15 10 10 3 2 4 2 1 3 4 10 4 2 36 71 83 55 3 33 51 9 0 1 0 0 0 0 0 0 0 0 2 3 2 4 0 0 0 0 1 0 1 0 0 0 1 1 0 1 0 1 3 53 77 37 1 1 0 0 0
1 5 13 14 64 88 86 93 88 91 91 77 86 82 90 86 95 78 85 72 81 88 91 98 93 95 90 78 67 82 92 75 45 56 37 43 9 1 1 8 7 8 6 7 7 9 6 13 12 38 40 88 15 2 1 1 8 1 1 0 0 0 0 0 0 0 5 43 1 24 74 0 0 1 0 0 0 0 0 0 0 1 1 0 0 2 0 3 8 12 0 0 0 0 0 0
12 4 19 4 71 91 97 83 93 72 98 62 74 54 82 84 100 95 90 90 84 49 84 92 95 98 87 100 91 90 82 74 10 60 62 54 11 0 1 1 0 1 0 0 1 0 2 19 51 36 41 60 23 3 1 10 4 0 1 1 0 0 0 0 0 1 24 49 4 73 74 3 0 1 1 0 1 0 0 2 27 0 0 0 1 0 0 2 0 0 1 0 1 1 1 5
65 21 0 8 61 88 86 86 65 11 29 94 89 73 62 32 44 51 55 79 84 63 73 88 97 97 97 100 93 75 86 88 35 61 100 81 13 10 0 0 0 1 1 0 0 3 15 8 55 82 82 68 22 8 5 9 2 1 0 1 0 0 1 1 0 1 2 3 2 2 9 6 3 0 1 2 2 13 1 0 0 0 0 0 0 0 1 0 0 6 1 0 0 0 1 50
1 3 0 0 35 36 74 75 36 4 54 67 29 5 9 70 76 62 82 83 95 78 48 93 88 73 99 84 80 87 86 78 22 2 11 18 12 2 4 11 32 4 2 1 1 6 27 26 87 89 91 78 60 59 37 18 4 8 5 4 0 1 3 2 0 0 1 0 0 2 11 0 0 0 1 0 1 2 0 0 2 2 0 1 1 0 0 0 0 0 0 0 0 0 0 9
1 2 0 2 4 0 36 25 2 0 11 0 6 0 11 65 32 80 95 76 86 83 76 98 55 64 97 96 80 73 54 80 61 0 1 6 37 7 2 4 11 2 18 10 8 47 19 58 94 79 91 74 65 72 82 21 8 0 1 1 4 9 4 11 0 0 0 0 0 0 2 1 0 0 0 0 1 2 0 0 0 1 0 0 0 0 3 17 0 0 0 6 0 0 1 0
39 1 1 2 0 27 61 26 4 0 4 0 8 1 5 2 7 61 72 87 79 91 88 90 63 73 99 88 40 86 85 93 43 8 4 2 20 3 2 0 1 1 0 20 12 66 36 81 94 89 91 87 67 68 35 1 5 0 0 1 4 5 0 5 5 0 0 1 2 3 3 2 0 0 0 0 0 0 0 5 22 0 0 0 0 1 0 0 1 0 0 0 1 1 0 2
19 5 1 2 3 30 37 3 10 1 2 11 14 1 5 5 29 89 93 80 83 72 90 69 70 81 86 83 92 89 79 82 38 1 7 4 1 2 8 1 4 2 1 66 82 85 92 72 96 97 96 99 93 59 15 0 2 0 3 23 2 3 2 3 2 5 5 7 4 8 1 5 7 4 0 1 0 0 0 2 1 0 0 0 0 0 1 0 1 2 0 3 1 3 3 6
30 1 1 26 24 12 4 1 19 1 1 5 3 8 56 74 71 91 93 76 89 81 45 53 65 59 71 86 95 91 72 42 30 25 1 3 3 2 0 5 0 1 1 38 59 93 85 79 88 100 77 78 59 64 58 0 0 0 0 0 0 0 1 1 0 21 12 32 10 9 7 10 7 1 1 0 0 0 1 0 1 0 4 3 9 3 0 0 2 4 3 1 0 0 1 1
71 6 10 9 2 13 0 7 13 5 4 5 4 8 87 92 95 95 89 79 81 7 2 6 56 8 24 36 68 70 54 48 19 68 11 1 1 0 2 36 23 4 1 49 55 63 80 64 51 95 55 66 41 85 60 46 8 1 0 0 1 0 0 3 10 39 49 74 17 1 1 0 4 1 2 2 2 4 5 4 1 3 0 0 8 0 0 0 0 0 1 0 0 1 1 3
90 17 0 1 1 4 2 7 5 0 2 1 5 5 31 50 53 49 13 2 2 1 6 21 63 6 21 42 12 39 67 5 53 85 24 1 2 0 11 57 40 4 9 23 41 36 61 67 76 87 58 42 81 27 3 0 9 6 2 1 2 2 0 23 9 46 95 61 18 16 1 5 5 0 0 0 0 1 0 0 0 2 3 0 1 0 0 0 0 0 2 1 0 0 0 1
47 4 3 1 3 0 3 1 1 0 5 1 11 5 9 12 38 11 3 0 2 1 2 17 31 23 12 3 28 4 14 9 86 62 3 1 4 0 2 0 4 0 10 0 1 14 36 21 39 78 15 35 38 12 0 0 10 33 0 0 1 0 10 18 53 78 98 89 11 1 0 0 2 1 0 16 3 0 0 0 0 0 0 1 0 0 0 0 0 0 1 0 0 2 0 1
55 2 6 7 0 5 0 0 1 2 21 15 62 40 18 49 8 2 9 5 1 1 0 5 1 4 2 18 1 6 0 6 46 28 2 3 3 0 10 3 0 0 1 1 0 1 28 4 3 23 21 44 37 45 37 4 0 0 0 0 0 0 0 19 79 70 61 77 67 41 0 0 0 4 0 0 0 0 0 0 1 0 0 1 0 1 1 1 0 0 0 2 1 0 0 0
15 2 2 5 4 9 0 1 5 14 7 34 37 27 8 34 57 19 14 12 4 3 1 10 4 1 13 20 1 4 0 13 1 3 1 0 2 0 11 14 0 0 0 8 6 23 17 3 5 11 0 8 3 5 20 1 5 4 2 0 1 1 2 39 70 89 21 26 47 56 24 1 31 34 9 0 0 1 1 0 1 0 2 11 0 0 1 0 1 0 0 0 0 0 5 0
4 6 0 6 1 0 0 1 4 2 2 31 32 23 7 36 7 2 64 4 3 3 2 6 8 7 7 9 8 12 3 32 2 0 5 5 5 0 7 2 1 0 0 15 57 81 38 6 4 2 1 1 15 4 1 0 16 6 2 1 5 1 1 0 29 38 3 0 0 0 0 0 31 40 33 18 1 0 3 8 1 0 0 8 0 1 4 0 0 0 0 0 3 0 0 4
5 2 3 0 1 0 0 2 1 3 12 78 80 3 18 3 1 1 0 10 2 0 1 1 2 4 23 2 1 2 6 3 1 6 24 1 1 1 0 1 3 0 0 0 64 88 37 2 5 0 0 1 0 0 1 4 1 1 1 3 2 3 6 3 50 1 0 2 2 4 3 5 12 1 3 0 0 0 7 12 0 0 0 0 0 0 14 3 0 1 10 14 0 0 0 0
33 24 4 8 2 1 1 1 2 1 26 84 88 34 11 3 0 0 0 7 2 2 2 1 2 22 1 5 1 0 0 6 5 8 4 0 1 0 2 0 2 0 0 0 40 37 4 1 0 0 1 0 0 0 1 2 1 0 1 3 1 1 1 4 9 1 3 7 0 1 24 6 14 4 7 1 0 0 0 0 0 0 13 5 1 0 0 20 0 0 58 31 0 0 0 0
12 27 14 5 2 1 0 0 0 5 30 81 86 13 1 6 12 2 0 2 5 7 26 9 0 5 0 0 2 1 0 1 0 1 6 4 1 0 2 0 1 0 1 0 7 8 4 2 0 1 0 0 2 1 0 1 1 0 0 1 2 0 2 0 0 0 0 1 0 0 4 0 0 1 2 1 1 0 0 0 0 0 0 0 0 0 2 13 0 0 7 6 0 0 1 6
1 1 1 7 2 0 0 1 0 6 27 57 31 1 1 1 6 1 39 51 52 35 85 86 11 3 0 1 0 0 1 1 0 0 0 6 0 1 0 1 0 0 0 0 11 12 1 8 36 37 28 0 1 1 0 0 1 1 1 4 0 1 1 1 0 0 0 0 0 1 0 0 1 0 0 8 3 1 0 0 0 1 14 4 0 0 0 0 0 1 0 10 0 0 1 0
0 0 0 0 1 2 2 1 12 9 13 10 1 0 0 0 0 18 55 68 92 61 44 78 39 2 0 0 2 0 0 2 1 0 0 1 8 9 2 5 6 9 1 1 4 5 2 34 89 41 8 0 0 0 1 0 0 0 0 0 0 0 0 0 0 1 0 1 2 0 0 0 0 0 0 15 7 3 50 30 0 0 2 0 0 1 0 0 0 0 0 10 2 4 0 0
3 0 1 2 1 1 1 3 10 2 24 15 0 1 0 1 2 44 56 67 73 77 48 75 13 0 0 0 2 0 7 16 0 0 0 1 1 7 2 0 6 13 2 45 73 50 64 97 78 15 0 0 1 1 1 0 1 1 0 0 0 0 1 0 0 4 0 1 0 11 24 0 1 2 7 1 4 2 5 0 2 0 0 1 0 0 1 1 3 1 0 3 1 17 41 19
1 1 0 8 28 2 0 11 14 3 2 1 0 1 1 1 0 7 10 90 40 73 61 53 5 0 0 0 0 1 16 36 1 1 1 4 1 0 5 1 0 9 31 56 84 84 68 89 69 14 1 0 1 1 1 1 11 20 1 2 0 1 0 1 0 0 0 0 0 0 1 0 3 1 5 0 1 5 0 0 0 0 0 0 0 1 0 10 18 1 8 44 22 32 41 41
8 1 0 3 37 55 2 7 0 1 0 1 1 0 0 1 1 2 22 71 60 32 19 11 4 0 0 1 0 0 6 0 0 0 1 24 1 0 0 4 2 22 10 40 36 48 44 91 87 44 30 1 0 0 1 1 1 12 5 7 0 0 0 0 0 0 0 0 0 0 0 13 46 61 0 0 0 7 0 4 0 0 3 0 1 1 2 1 1 26 73 80 56 62 77 81
7 1 4 0 37 87 57 12 1 2 2 1 4 0 1 0 1 0 0 15 9 10 53 43 1 0 1 0 0 0 3 9 0 3 2 0 3 2 10 2 5 3 19 34 0 4 32 96 88 4 3 1 3 1 1 0 0 1 1 23 0 1 1 0 0 0 0 0 1 0 0 50 83 28 8 0 1 0 3 0 0 1 3 0 0 2 0 17 5 4 61 81 36 80 66 76
2 0 0 2 59 98 59 4 2 1 2 1 1 1 2 1 1 1 1 9 39 3 3 23 6 0 0 1 0 0 2 2 1 0 0 0 0 0 1 0 0 1 18 9 3 4 1 18 28 1 0 0 1 3 0 0 0 45 8 0 0 0 1 0 0 0 0 0 0 0 0 19 78 74 36 0 0 0 3 2 0 0 0 1 0 0 23 95 70 56 56 80 84 100 88 93
2 2 2 0 12 70 42 2 1 0 2 3 1 1 1 0 7 7 3 3 16 1 0 1 0 0 1 0 1 0 1 0 0 0 0 0 0 0 0 0 3 2 0 16 0 4 10 23 0 0 4 1 3 1 0 3 1 61 27 1 0 4 16 0 0 0 0 0 1 9 7 3 41 61 25 0 0 0 1 2 2 0 0 0 0 4 17 61 90 86 72 76 82 56 83 72
1 2 0 0 6 1 6 2 0 0 0 2 0 2 1 0 0 0 0 0 5 0 0 0 0 0 1 0 1 2 0 1 3 10 12 1 0 10 3 1 2 0 15 12 1 2 8 1 0 2 0 0 5 14 3 0 1 6 0 0 0 0 8 1 0 0 0 0 0 1 0 0 0 0 0 3 0 2 2 1 31 6 1 0 8 25 3 24 69 57 88 92 83 44 45 11
4 7 32 18 1 0 5 0 1 1 2 1 1 1 9 1 1 0 0 0 2 2 0 1 3 0 0 6 5 2 0 0 0 0 1 0 0 11 2 1 0 0 0 1 0 0 1 2 0 0 0 0 13 25 3 6 0 1 0 0 0 0 0 0 0 0 0 0 1 0 0 3 1 1 2 0 0 0 58 20 4 1 3 9 4 32 2 0 4 43 73 76 25 38 14 5
53 7 38 8 2 1 5 2 1 0 3 0 0 2 1 1 4 2 1 1 1 5 0 0 32 49 1 1 1 1 1 17 13 0 1 0 3 2 1 2 0 0 0 2 0 1 1 0 1 7 1 1 1 0 5 7 2 2 0 0 0 0 0 0 1 0 0 1 0 0 1 7 6 0 0 0 0 2 5 1 1 21 21 1 0 9 4 7 49 65 78 42 20 89 55 19
88 26 73 64 47 16 6 0 0 0 1 0 2 0 2 0 4 25 0 0 1 4 0 0 45 37 3 0 2 0 0 1 6 1 0 2 0 0 1 0 0 1 0 2 0 2 0 0 0 4 8 1 1 0 17 18 0 0 0 0 0 0 0 0 15 1 0 0 0 0 0 0 0 0 0 1 0 0 0 1 1 9 0 30 22 0 0 20 18 25 78 76 73 15 16 0
76 81 81 94 59 5 1 0 10 1 1 0 0 0 4 0 1 15 0 0 4 0 0 2 4 3 0 2 0 1 1 1 0 2 30 45 16 2 8 16 0 0 6 6 0 0 1 2 0 1 0 10 1 0 1 2 0 0 0 0 0 0 0 2 0 0 0 0 1 1 0 1 0 0 0 0 2 0 0 0 1 1 0 3 3 0 1 1 0 5 12 71 73 24 0 0
59 85 78 63 40 0 1 0 4 1 0 2 1 1 1 0 1 0 3 0 0 2 0 0 0 0 1 0 0 0 0 1 2 24 81 98 61 19 28 0 1 0 11 48 25 0 1 1 0 3 16 41 6 0 0 0 0 0 0 0 0 0 0 1 0 1 1 0 0 1 0 0 0 0 0 0 0 2 0 0 0 0 0 0 1 6 0 1 7 26 7 24 32 0 0 0
55 91 69 40 11 0 1 1 1 1 6 0 1 2 4 0 0 1 1 0 0 8 0 0 2 0 0 1 1 2 1 0 3 1 38 81 62 48 3 1 0 0 36 56 4 0 3 0 0 0 5 31 6 4 0 3 0 1 0 0 0 0 0 0 0 0 1 1 0 0 0 0 0 0 1 0 0 0 0 3 0 1 11 6 0 0 5 10 4 1 1 13 46 1 0 0
54 64 56 38 5 0 3 0 0 0 1 0 0 1 1 2 1 1 0 0 0 1 0 2 3 3 0 2 0 0 0 1 1 10 13 7 3 24 0 0 1 0 0 1 0 0 0 0 1 0 1 0 1 4 1 0 0 1 1 1 0 0 1 3 15 0 2 28 2 12 4 0 0 0 0 0 0 0 0 0 0 1 6 2 1 0 0 2 33 14 3 0 3 4 1 0
11 69 48 10 2 0 2 1 0 1 0 1 3 0 0 1 0 0 1 0 0 1 2 2 0 28 36 1 0 0 20 7 5 1 3 2 0 0 1 0 0 1 0 1 3 1 0 0 1 0 0 0 4 9 7 3 0 15 7 4 0 0 1 2 0 0 0 1 0 34 17 0 1 0 0 0 2 0 0 0 0 1 0 2 0 0 0 1 0 2 3 9 0 1 1 0
0 11 19 16 3 2 1 2 1 0 0 0 0 0 9 4 5 0 5 0 0 3 3 15 3 21 9 0 1 0 16 14 1 1 0 0 1 2 0 0 2 0 0 0 0 0 2 1 2 31 4 1 8 3 7 2 0 3 0 1 1 0 0 0 0 0 0 0 1 0 1 0 0 0 0 0 0 0 0 0 0 1 0 0 0 1 7 1 2 2 2 58 9 0 3 1
0 0 2 5 3 0 2 0 1 12 0 0 1 3 2 0 4 0 1 0 1 1 1 0 3 3 0 0 0 0 0 0 0 0 1 0 0 3 0 0 3 0 1 0 0 0 0 2 2 10 3 1 0 1 3 6 0 0 0 0 1 0 0 0 0 2 0 0 0 0 0 0 0 0 1 0 0 0 6 0 0 1 1 2 2 1 3 0 0 1 0 1 6 0 28 13
6 39 8 0 2 0 0 1 4 3 0 5 1 18 2 2 0 0 0 0 7 19 3 4 13 0 1 1 0 2 0 2 2 6 0 0 0 0 0 0 0 0 5 0 0 0 0 0 0 0 0 2 1 0 0 0 5 0 0 3 0 0 0 0 2 19 1 0 0 0 0 0 0 2 0 0 0 1 1 0 0 0 24 11 9 15 1 0 1 0 2 0 3 2 2 2
1 25 3 1 2 0 1 0 20 7 5 26 6 3 1 1 2 0 0 0 2 17 7 1 2 1 0 0 0 0 0 14 4 8 1 0 1 0 1 2 0 0 14 11 1 0 0 0 1 0 1 0 0 3 0 0 1 5 0 0 0 0 4 0 0 13 1 0 0 0 0 0 0 0 0 0 0 1 0 0 1 0 0 0 44 52 0 1 0 0 1 0 0 3 0 1
1 1 6 0 0 0 0 1 0 0 4 29 13 6 3 2 1 4 0 8 5 0 3 5 12 0 0 1 0 0 0 2 1 15 11 0 0 2 0 1 2 0 1 0 1 1 0 0 1 0 1 1 0 1 3 0 2 2 10 10 7 0 2 1 0 0 0 0 0 2 2 2 0 0 1 0 0 0 0 0 0 0 0 0 17 47 3 0 0 0 0 1 0 0 1 6
0 2 5 1 0 0 0 2 1 4 61 6 1 0 4 18 0 7 4 3 6 18 5 25 8 0 0 1 1 2 0 11 18 7 2 0 1 0 0 0 11 0 0 0 1 1 1 0 0 0 0 0 1 0 1 2 0 0 2 0 0 0 19 2 3 10 0 0 0 0 2 0 0 0 0 1 1 0 0 1 0 1 0 0 1 0 0 1 0 2 0 1 0 0 2 1
3 2 4 3 0 0 0 3 0 5 67 11 2 0 0 5 3 2 4 20 16 29 11 8 0 28 3 1 0 0 2 5 0 0 0 1 0 0 0 0 0 2 1 0 0 0 0 2 0 1 0 1 1 0 1 1 1 0 3 3 4 9 0 0 0 3 0 0 0 1 0 12 1 0 0 0 0 0 4 1 0 0 0 2 0 0 0 15 11 1 0 0 2 0 1 1
0 8 0 7 1 2 8 3 1 1 3 4 1 0 6 6 2 0 2 58 21 8 11 11 8 6 0 27 5 0 0 1 11 0 0 0 0 0 0 0 1 4 0 0 0 0 0 1 0 6 3 0 0 0 0 1 0 0 0 0 6 2 0 0 0 2 0 0 1 2 0 0 1 0 2 7 0 0 0 0 0 0 11 14 1 1 0 0 0 0 1 1 25 1 0 14
0 1 0 7 1 5 0 4 6 1 2 0 2 0 0 0 1 1 44 47 89 19 20 33 3 14 0 14 0 1 0 17 15 1 0 0 5 17 0 0 3 15 0 0 0 0 0 0 0 15 0 0 1 0 0 1 0 1 0 2 0 3 3 2 0 17 1 0 1 0 0 0 0 0 7 2 0 0 0 0 0 0 25 3 0 2 0 1 0 1 1 17 7 0 1 0
0 0 2 3 8 0 1 0 0 1 0 1 1 1 2 0 0 2 12 69 71 6 3 7 2 1 2 3 2 0 1 0 0 0 0 0 0 0 0 0 0 0 2 0 0 2 0 0 0 0 1 1 1 1 0 0 0 1 0 24 35 42 24 1 0 16 11 0 2 1 2 14 1 1 0 1 0 0 0 0 0 2 14 54 6 0 0 0 0 0 0 3 2 0 0 4
1 1 4 4 4 4 1 6 37 0 1 0 0 0 6 1 0 0 0 19 12 1 17 1 1 1 0 3 4 0 0 0 1 1 0 0 0 0 0 0 0 19 4 4 0 0 1 0 0 0 2 1 0 0 0 2 0 12 3 50 82 59 86 20 3 14 43 0 1 0 0 0 0 0 0 0 0 1 11 12 5 0 4 25 2 0 0 0 0 0 1 1 0 22 12 1
6 32 23 5 1 7 5 0 0 0 0 0 0 0 1 0 0 1 1 1 0 0 0 6 0 3 4 1 1 0 1 1 0 0 6 0 0 0 0 0 3 66 2 1 0 0 2 0 0 0 0 2 0 1 2 0 0 0 0 43 91 95 76 24 6 1 0 0 0 0 0 0 0 0 1 0 1 4 0 1 0 0 0 1 0 0 0 1 0 0 1 9 21 12 38 53
3 12 1 1 0 0 21 4 0 1 0 0 0 0 0 0 0 5 1 1 1 0 1 0 1 0 25 0 0 0 10 24 9 3 3 0 0 3 1 0 0 18 2 0 1 0 5 12 1 0 0 0 0 0 0 0 0 0 1 4 71 75 43 6 0 1 0 0 0 1 0 1 0 0 0 1 3 1 0 0 0 0 0 0 0 0 1 1 0 0 3 5 27 3 10 36
1 1 3 0 1 2 11 1 1 2 0 0 0 0 1 15 1 7 19 0 1 0 0 17 5 7 6 0 0 0 16 11 0 0 1 0 0 0 11 0 0 2 1 0 1 0 1 1 0 1 0 3 0 0 0 0 0 1 6 0 1 32 33 5 1 0 0 0 0 0 0 1 0 9 53 7 0 2 0 0 0 0 1 0 0 0 0 0 0 1 0 1 2 0 1 0
0 2 1 8 8 13 4 7 8 5 6 1 0 0 1 8 2 0 0 0 0 0 0 0 3 39 18 1 0 1 0 1 0 0 4 0 0 1 1 0 0 0 2 0 1 1 0 0 0 0 0 22 2 2 1 3 2 1 1 1 0 3 41 3 0 0 0 0 0 0 2 1 0 46 79 27 2 0 0 0 0 0 4 4 0 1 2 0 1 0 1 0 0 1 0 0
0 2 4 0 5 16 13 12 32 11 0 0 0 1 1 2 0 0 0 0 0 1 0 2 0 0 0 0 0 2 2 0 1 1 1 1 0 0 0 0 0 0 0 0 4 8 0 0 1 0 0 0 1 0 0 1 1 0 2 21 0 1 0 27 2 22 21 0 3 0 0 1 0 1 44 25 0 0 1 0 2 1 1 0 0 0 0 0 0 0 0 2 0 3 0 0
7 5 0 0 1 8 1 11 0 1 0 1 0 3 3 0 0 0 0 0 1 0 0 2 0 0 0 0 1 1 0 0 21 3 2 1 1 0 0 1 1 0 3 0 0 0 0 0 0 0 1 0 1 0 0 0 0 0 35 8 2 0 16 27 6 4 0 0 3 0 0 0 0 0 10 0 0 0 4 0 0 0 0 0 2 0 24 0 1 0 1 0 0 0 0 0
2 2 3 2 2 2 1 33 32 10 3 3 0 1 1 0 0 0 0 0 1 0 6 0 0 0 0 0 0 0 0 0 17 1 1 0 1 0 4 0 1 1 0 0 0 0 0 2 0 0 0 0 0 0 0 0 2 4 1 11 9 2 7 4 1 6 2 0 0 0 1 0 1 1 12 0 0 0 0 0 0 2 0 0 4 51 44 2 0 0 0 0 0 0 0 0
