Data/Land Cover 1km/FME_656D6600_1589209169783_10689/temp/lcm2007_aggregate_classes_1km_gb_4.asc
ncols 700
nrows 1300
xllcorner 0
yllcorner 0
cellsize 1000
[rows 750 to 824 of 1300, columns 288 to 383 of 700]
0 0 0 0 0 0 0 0 0 0 0 0 0 0 0 0 0 0 0 0 0 44 47 76 81 45 63 55 49 61 43 49 48 68 52 44 25 19 42 45 51 61 41 46 48 45 56 33 37 43 69 48 11 45 65 32 44 42 47 44 14 25 35 63 63 43 84 69 33 0 0 0 0 0 0 0 0 0 0 0 3 45 38 39 38 13 0 0 0 15 27 27 10 0 0 5
0 0 0 0 0 0 0 0 0 0 0 0 0 0 0 0 0 0 0 0 2 59 53 65 32 22 41 53 37 17 25 59 37 68 69 60 25 18 39 35 59 59 78 45 47 50 71 69 57 48 44 37 27 65 32 63 45 40 34 11 11 17 35 57 51 45 58 82 82 41 2 0 4 0 0 0 0 0 0 0 0 30 54 70 27 0 0 0 0 4 18 22 34 0 0 9
0 0 0 0 0 0 0 0 0 0 0 0 0 0 0 0 0 0 0 0 14 56 45 38 32 24 25 18 16 25 24 16 55 70 45 41 61 37 38 46 59 49 56 37 50 27 72 71 49 62 61 47 58 52 12 19 32 59 44 38 35 38 62 49 62 47 65 54 84 82 43 0 2 1 4 0 0 0 0 0 0 1 39 74 46 18 41 18 0 0 0 12 45 0 0 19
0 0 0 0 0 0 0 0 0 0 0 0 0 0 0 0 0 0 0 0 36 34 45 21 12 45 27 42 55 38 40 63 70 59 52 81 65 31 33 44 49 48 56 60 35 68 43 45 50 40 53 53 38 66 30 47 67 28 39 40 49 27 50 62 71 68 19 50 70 79 69 4 0 0 0 4 0 0 0 0 0 0 54 39 60 74 53 66 6 0 0 1 7 0 0 5
0 0 0 0 0 0 0 0 0 0 0 0 0 0 0 0 0 0 0 8 26 37 62 33 35 57 45 63 56 45 74 51 72 35 56 48 30 38 57 67 33 47 75 78 67 56 59 35 45 33 67 53 23 52 40 37 47 25 45 66 67 67 37 68 76 92 77 52 47 60 70 14 4 0 0 0 0 0 0 0 0 5 44 55 78 36 12 47 56 8 0 0 6 0 0 0
0 0 0 0 0 0 0 0 0 0 0 0 0 0 0 0 0 0 0 2 42 36 48 38 46 53 43 27 47 21 49 73 56 47 49 41 62 46 59 55 11 23 48 49 86 54 68 43 57 75 31 23 61 66 55 34 20 56 37 44 79 74 28 18 62 90 64 58 59 64 62 77 13 5 0 0 0 0 0 0 0 1 46 63 41 21 0 10 41 50 7 0 0 0 0 0
0 0 0 0 0 0 0 0 0 0 0 0 0 0 0 0 0 0 0 0 53 61 53 21 15 22 45 27 41 36 34 52 64 55 39 69 74 45 63 62 20 31 60 84 62 43 68 47 50 41 61 38 48 29 47 59 67 45 60 42 60 57 71 26 40 37 63 46 58 63 70 81 73 26 0 0 0 0 0 0 6 21 34 74 60 28 0 0 0 17 14 0 0 0 0 0
0 0 0 0 0 0 0 0 0 0 0 0 0 0 0 0 0 0 0 0 44 57 38 26 47 25 29 48 40 38 30 31 45 62 75 72 53 40 65 65 34 18 53 69 46 70 72 61 52 54 77 48 66 52 59 54 64 26 43 48 32 40 62 52 43 40 69 65 65 60 60 64 79 76 24 1 0 0 0 0 1 4 0 27 42 76 35 12 0 0 1 0 0 0 3 9
0 0 0 0 0 0 0 0 0 0 0 0 0 0 0 0 0 0 0 11 19 46 54 46 64 25 27 45 49 38 36 36 33 70 68 86 52 25 64 64 27 0 27 32 76 82 49 38 67 55 39 51 54 49 62 17 29 58 56 55 42 37 36 18 38 29 62 65 62 51 71 79 61 69 2 0 0 0 0 0 1 0 0 0 0 24 89 36 0 0 3 0 0 0 23 26
0 0 0 0 0 0 0 0 0 0 0 0 0 0 0 0 0 0 2 40 33 34 33 51 45 29 60 67 57 48 51 67 49 41 72 38 50 47 46 34 12 1 41 62 78 62 52 42 75 59 66 58 34 70 72 69 31 81 66 26 21 44 24 3 14 52 62 78 48 61 46 50 49 63 10 0 0 0 0 0 0 0 0 0 0 0 56 86 40 8 0 0 0 0 0 0
0 0 0 0 0 0 0 0 0 0 0 0 0 0 0 0 0 0 13 49 60 20 63 40 33 44 47 50 93 82 58 80 83 48 56 63 58 47 55 64 77 38 44 69 68 61 45 70 72 70 47 30 52 62 66 78 71 61 39 26 76 60 8 0 7 49 40 65 25 65 61 46 50 77 34 0 0 0 0 0 0 0 0 0 0 0 7 53 27 0 0 0 0 0 0 0
0 0 0 0 0 0 0 0 0 0 0 0 0 0 0 0 6 19 24 42 48 44 47 33 54 63 64 73 51 74 63 69 73 55 72 60 55 68 47 63 40 46 53 75 88 91 52 57 56 91 89 61 52 77 76 38 51 70 43 40 78 50 26 4 38 65 86 42 12 47 58 52 62 72 22 0 0 0 0 0 0 0 0 0 0 0 0 29 47 0 0 0 0 0 0 0
0 0 0 0 0 0 0 0 0 0 0 0 0 0 0 6 24 19 59 53 46 33 63 54 58 59 99 75 53 88 50 71 89 78 75 64 72 57 1 37 68 47 61 31 36 71 79 95 66 79 89 81 55 80 75 77 46 60 17 41 82 89 59 49 53 73 80 62 38 45 13 48 58 59 30 17 1 0 0 0 0 0 0 0 0 0 0 0 0 0 0 0 0 0 0 0
0 0 0 0 0 0 0 0 0 0 0 0 0 0 0 0 10 51 46 56 59 70 58 78 65 58 56 39 47 38 38 56 30 36 49 69 70 59 62 25 9 15 8 6 0 26 66 82 88 75 62 82 83 78 65 83 41 31 49 4 54 51 66 36 3 57 85 51 62 46 66 73 77 54 70 45 0 0 0 0 0 0 0 0 0 0 0 0 0 0 0 0 0 0 0 0
0 0 0 0 0 0 0 0 0 0 0 0 0 0 6 19 32 75 42 42 59 45 69 86 77 73 68 74 54 73 60 13 47 46 1 24 45 32 40 1 2 8 3 4 4 11 37 50 65 51 60 47 78 65 79 63 54 28 35 8 36 62 60 31 6 37 67 55 61 63 47 49 56 54 81 52 1 0 0 0 0 0 0 0 0 0 0 0 0 0 0 0 0 0 0 0
0 0 0 0 0 0 0 0 0 0 0 0 0 0 15 43 76 74 36 34 59 70 54 79 64 65 60 35 28 65 70 42 66 59 65 44 48 75 42 6 0 7 3 0 2 0 1 28 80 79 18 16 14 60 30 34 63 28 20 41 44 71 42 49 46 55 74 50 62 62 51 63 91 78 73 74 44 1 0 0 0 0 0 0 0 0 0 0 0 0 0 0 7 5 1 0
0 0 0 0 0 0 0 0 0 0 0 0 0 2 38 12 50 27 19 57 82 47 48 62 63 56 36 48 45 48 75 20 36 20 47 51 39 27 17 9 0 0 0 0 0 0 0 13 72 73 12 3 0 19 41 69 77 61 77 59 58 67 77 46 44 52 80 65 54 51 53 48 75 78 73 73 58 3 0 0 0 0 0 0 0 0 0 0 0 0 0 0 1 52 31 0
0 0 0 0 0 0 0 0 0 0 0 0 0 33 53 29 3 0 14 13 45 34 35 50 42 49 58 29 25 30 52 65 31 70 42 40 79 62 18 3 0 0 0 0 0 1 23 16 68 37 57 0 0 50 72 71 52 69 59 82 87 74 65 35 45 59 44 52 42 68 24 56 64 67 87 88 69 64 6 1 0 0 0 0 0 0 0 0 0 0 0 0 0 6 43 40
0 0 0 0 0 0 0 0 0 0 0 1 17 61 57 32 45 0 22 29 58 65 43 34 51 70 70 37 15 62 23 48 3 46 68 54 64 28 14 0 0 0 0 0 0 0 3 17 36 39 35 0 0 58 51 71 53 74 92 83 81 53 81 50 3 52 46 43 35 46 56 25 37 34 77 71 50 42 3 0 1 0 0 0 0 0 0 0 0 0 0 0 0 0 10 31
0 0 0 0 0 0 0 0 0 0 0 0 21 9 34 15 11 24 54 48 24 35 54 6 10 39 38 56 32 51 36 19 1 11 55 45 28 1 0 0 0 0 0 0 0 0 0 1 35 8 15 31 17 40 81 36 69 90 73 68 38 74 19 3 43 74 51 55 58 26 61 56 85 47 58 60 64 50 18 12 0 0 0 0 0 0 0 0 0 0 0 0 0 1 0 5
0 0 0 0 0 0 0 0 0 0 0 0 13 26 38 39 37 40 53 51 55 73 81 39 47 61 78 69 70 49 41 11 20 6 26 31 2 3 3 0 0 0 0 0 0 8 12 10 42 33 0 31 66 26 66 82 91 70 43 79 77 82 38 21 32 75 73 71 56 30 57 45 55 68 60 57 88 82 88 53 2 1 1 0 0 0 0 0 0 0 0 0 0 0 0 7
0 0 0 0 0 0 0 0 0 0 0 3 5 12 56 45 49 48 63 81 45 55 65 66 30 77 69 65 64 10 26 77 31 0 26 18 2 2 0 0 0 0 0 0 0 10 6 11 57 77 22 2 37 38 58 91 89 75 70 63 59 78 54 39 45 80 66 63 72 22 21 29 59 47 57 71 49 51 61 87 27 1 0 0 0 0 0 0 0 0 0 0 9 1 0 0
0 0 0 0 0 0 0 0 0 0 0 8 6 19 21 53 37 27 46 43 59 53 58 77 72 72 64 47 37 6 2 14 16 0 2 20 1 0 0 0 0 2 1 0 0 1 8 29 49 39 31 25 45 59 66 80 74 69 89 75 66 59 55 36 41 73 66 51 21 0 5 16 55 54 62 21 46 29 41 72 63 15 0 0 0 0 0 0 0 0 0 0 17 1 0 0
0 0 0 0 0 0 0 0 0 0 2 3 32 55 50 43 38 29 53 67 66 60 60 55 49 53 44 64 36 26 0 1 2 0 16 22 28 10 3 0 1 13 2 3 15 38 60 39 35 17 14 6 10 66 70 77 78 79 93 76 72 73 72 79 58 56 67 79 36 8 4 21 37 45 65 57 52 62 65 79 74 27 0 0 0 0 0 0 0 0 0 0 0 0 0 0
0 0 0 0 0 0 0 0 0 0 0 15 34 47 20 66 63 64 63 73 86 72 61 71 62 12 56 65 55 52 11 0 0 0 36 15 55 65 40 8 36 41 39 43 43 37 29 19 1 0 15 19 20 47 68 69 69 61 80 67 75 64 65 52 45 78 71 43 74 35 54 50 58 25 70 71 47 60 80 98 71 76 45 0 0 0 0 0 0 0 0 0 0 0 0 0
0 0 0 0 0 0 0 0 0 0 13 48 49 5 6 30 28 78 73 67 91 80 53 77 47 10 43 42 50 3 12 0 0 0 32 36 41 40 55 27 12 28 49 62 33 2 0 6 3 0 7 22 41 22 40 54 72 55 35 75 74 68 69 56 76 65 66 29 13 40 60 76 52 52 61 54 39 65 60 76 63 81 50 0 9 6 0 0 0 0 0 0 0 0 0 0
0 0 0 0 0 0 0 0 0 0 23 53 28 49 60 22 60 66 45 51 68 68 41 77 22 2 38 35 43 2 6 0 3 3 23 35 50 22 19 10 49 45 33 56 9 1 0 0 0 4 12 44 57 48 21 73 90 37 34 62 12 43 84 63 46 59 72 75 38 63 45 65 59 70 68 71 48 71 88 73 61 57 80 51 4 0 0 0 0 0 0 0 0 0 0 0
0 0 0 0 0 0 0 0 0 1 48 77 34 56 56 20 67 30 27 68 69 58 25 48 11 1 33 36 6 0 5 4 2 0 28 32 8 1 22 36 56 39 8 37 10 0 0 0 0 3 10 38 34 19 4 66 73 21 44 5 0 1 67 78 39 31 63 73 81 57 58 58 57 63 81 79 70 65 65 83 75 31 38 80 54 0 0 0 0 0 0 0 0 0 0 0
0 0 0 0 0 0 0 0 0 0 21 60 50 64 36 11 8 34 63 51 74 19 6 2 9 41 52 36 6 2 1 3 6 0 3 42 43 0 6 4 13 32 8 41 3 0 0 0 0 17 15 37 4 14 52 46 26 18 3 1 2 7 80 90 65 71 73 71 91 78 82 58 87 57 86 80 82 76 67 64 61 69 49 47 76 37 0 8 5 0 0 0 0 0 0 0
0 0 0 0 0 0 0 0 0 3 55 59 51 24 20 29 24 43 50 71 67 48 0 0 21 51 42 18 1 0 0 0 1 5 4 33 16 0 0 0 0 3 3 16 4 0 0 0 1 23 0 9 2 2 19 6 4 5 0 0 21 45 32 85 88 70 65 76 75 72 72 87 83 62 82 76 61 69 77 80 31 69 87 79 52 56 4 0 0 0 0 0 0 0 0 0
0 0 0 0 0 0 0 0 0 21 45 46 26 22 55 25 37 72 62 55 44 13 0 1 0 0 0 2 6 0 0 0 4 27 52 30 2 0 1 7 0 0 2 21 1 0 0 0 0 0 1 13 6 1 34 8 29 1 0 1 12 38 54 61 39 77 77 42 86 51 68 79 63 91 70 66 60 83 64 82 45 80 65 23 73 44 0 0 0 0 0 0 0 0 0 0
0 0 0 0 0 0 0 0 5 8 42 7 15 51 59 62 55 34 35 53 24 0 0 0 1 3 0 1 25 9 7 4 0 10 18 8 2 17 3 0 0 0 0 14 1 0 0 0 3 0 3 0 0 0 23 25 11 0 0 0 9 77 80 76 70 71 4 43 86 64 91 83 62 62 64 79 84 84 70 83 73 60 67 48 65 36 0 0 0 0 0 0 0 3 0 0
0 0 0 0 0 0 0 0 10 10 4 20 12 10 26 45 24 47 77 55 46 44 3 0 1 0 0 2 2 12 3 2 0 0 9 4 8 26 1 0 0 0 0 22 1 0 0 0 3 11 4 7 0 4 5 27 0 0 0 3 0 25 62 88 89 92 89 68 80 69 87 78 61 63 63 80 76 56 70 87 67 67 62 69 32 31 8 5 0 0 0 0 0 27 3 0
0 0 0 0 0 0 0 0 10 8 6 30 61 45 49 56 58 33 73 61 58 37 34 0 0 0 0 0 4 16 1 0 0 0 1 0 2 1 0 13 0 0 0 1 0 0 0 0 0 16 10 31 0 8 1 32 0 0 0 0 0 1 23 82 83 45 84 85 95 84 73 65 42 74 81 70 81 38 22 63 66 70 63 80 73 78 77 21 1 0 4 0 24 65 16 6
0 0 0 0 0 0 1 29 29 34 15 38 59 13 42 58 62 48 63 33 15 3 13 0 0 0 0 0 0 1 4 8 0 0 0 1 14 24 2 5 0 0 0 0 0 0 0 0 1 22 18 9 14 0 3 0 0 0 0 0 0 2 8 8 23 32 63 96 71 80 71 88 52 63 67 83 91 59 72 60 74 73 69 67 71 79 75 61 30 36 56 56 43 15 35 29
0 0 0 0 0 3 51 72 38 46 61 44 33 34 12 44 51 37 28 0 0 0 0 0 4 8 4 0 0 0 2 14 1 0 0 0 6 35 5 0 0 0 0 0 0 0 0 0 4 0 0 20 31 0 0 0 0 0 0 0 0 0 3 0 10 31 14 66 75 83 48 22 68 91 71 65 56 56 67 89 63 78 85 75 75 81 90 78 67 93 84 59 71 39 35 82
0 0 0 0 0 0 50 42 21 13 61 49 66 52 20 13 9 5 4 0 0 0 0 0 2 5 5 0 0 0 1 2 1 0 0 0 22 19 5 2 0 0 0 0 2 1 0 0 0 0 0 9 25 3 0 0 0 0 0 0 0 0 0 9 10 1 1 8 80 41 20 47 82 90 64 22 41 61 79 78 60 81 71 72 73 60 78 86 75 83 93 70 82 81 48 63
0 0 0 0 0 0 7 29 52 41 51 39 38 52 30 0 5 0 7 0 0 0 0 0 0 0 0 0 0 0 1 0 0 0 0 18 16 0 0 3 0 0 0 3 8 0 0 0 0 0 0 2 6 7 0 0 0 0 0 2 0 0 34 4 0 6 25 17 52 16 13 7 13 70 58 52 11 23 79 84 88 73 69 74 87 88 84 86 90 81 89 66 81 86 75 74
0 0 0 0 0 0 0 10 43 47 57 59 38 56 67 39 34 19 14 0 0 0 0 0 0 0 0 0 0 0 0 0 0 0 0 0 0 2 4 0 0 0 0 2 2 0 0 0 0 0 0 29 13 1 1 0 0 0 1 0 0 0 4 1 0 2 45 7 1 10 18 0 1 38 24 21 0 7 60 76 54 58 73 91 90 60 83 87 91 87 87 77 86 77 61 65
0 0 0 0 0 0 0 0 1 63 77 64 35 25 55 51 77 58 27 0 0 0 0 0 0 0 0 0 0 0 1 0 0 0 0 4 0 0 1 0 0 0 4 0 2 8 7 0 0 0 0 3 5 0 1 0 0 4 0 1 0 0 0 0 0 7 0 0 1 17 6 0 2 10 2 0 0 22 9 54 67 85 86 92 93 90 84 87 87 81 83 72 66 74 76 41
0 0 0 0 0 0 0 0 0 23 66 46 39 59 53 43 89 31 31 1 1 0 0 0 0 1 0 0 0 0 5 10 1 3 2 5 0 0 0 0 0 0 0 4 0 30 2 0 0 0 0 0 0 0 0 0 0 0 1 3 0 0 0 0 0 0 0 0 0 13 43 5 27 39 32 38 3 1 3 1 0 29 31 70 65 88 77 66 80 66 96 33 18 41 15 13
0 0 0 0 0 0 0 0 0 1 39 59 33 37 47 67 27 19 37 13 5 0 0 0 0 0 0 0 0 1 29 11 0 2 1 0 0 0 0 0 0 0 0 4 18 35 3 0 0 0 0 0 1 0 0 2 0 0 0 3 0 0 0 0 0 0 0 0 0 1 31 4 60 92 79 66 45 62 62 14 17 11 3 1 32 67 94 73 77 52 63 25 3 0 0 0
0 0 0 0 0 0 0 0 0 0 8 62 69 62 59 59 49 62 52 26 18 1 0 0 0 0 0 0 3 0 38 8 0 0 0 0 0 0 0 0 1 0 0 0 1 16 6 0 0 0 0 9 2 0 3 0 0 3 0 1 0 0 0 0 0 0 0 0 0 3 22 55 72 96 83 71 86 89 37 0 3 1 2 0 27 73 83 77 74 73 56 12 0 1 0 0
0 0 0 0 0 0 0 0 0 0 0 7 57 42 53 47 47 44 58 22 4 0 0 2 0 0 0 0 11 4 13 0 0 0 0 0 0 0 5 19 6 36 43 10 0 8 7 4 14 2 0 21 0 0 4 0 0 26 8 1 23 0 0 0 0 0 0 0 0 2 13 74 28 37 73 62 97 94 79 43 5 30 58 16 3 15 3 60 67 79 56 4 0 0 0 0
0 0 0 0 0 0 0 0 0 0 0 0 2 50 29 33 70 47 52 53 29 31 0 32 14 24 20 0 0 0 0 0 0 0 0 0 0 0 1 23 37 10 5 31 7 4 6 3 22 63 47 14 0 15 29 0 0 3 34 0 41 7 0 0 0 0 2 3 0 24 23 92 61 62 74 61 76 87 73 64 49 72 75 64 44 0 6 20 74 54 21 0 0 0 0 0
0 0 0 0 0 0 0 0 0 0 0 0 0 27 14 15 25 41 48 60 35 50 27 20 24 34 10 0 0 0 0 2 0 0 0 0 0 0 0 0 4 2 1 3 5 21 18 4 12 26 29 0 0 28 18 0 1 39 43 0 31 47 0 4 0 7 30 18 2 8 29 41 30 38 71 48 55 72 66 54 73 75 69 89 73 40 0 13 29 40 13 0 0 0 0 0
0 0 0 0 0 0 0 0 0 0 0 0 0 3 5 31 58 26 32 44 44 53 52 13 46 32 13 0 4 0 0 0 0 0 0 0 0 0 0 0 10 10 13 23 5 9 12 8 22 27 1 14 8 55 0 0 6 60 31 0 0 46 2 13 0 0 7 8 1 0 0 0 45 24 29 0 22 28 5 8 21 28 14 44 91 87 39 10 14 3 40 0 0 0 0 0
0 0 0 0 0 0 0 0 0 0 0 0 0 0 6 15 40 31 50 41 39 45 39 9 2 1 0 0 4 0 5 0 0 3 0 0 0 0 0 0 9 6 1 7 2 5 10 17 15 6 30 58 46 49 14 0 6 34 16 0 0 3 36 0 9 0 31 26 2 31 5 0 9 14 0 0 3 0 0 0 2 1 19 23 60 88 44 1 0 19 64 0 0 0 0 0
0 0 0 0 0 0 0 0 0 0 0 0 0 0 0 12 32 56 40 50 40 25 53 10 7 0 5 4 0 14 11 5 11 21 0 3 22 0 2 0 0 0 8 3 4 2 10 17 18 17 11 48 67 60 29 32 16 29 8 3 0 1 56 8 3 24 40 59 2 2 28 4 18 20 0 3 6 1 1 0 0 0 5 4 14 33 66 9 0 21 31 0 0 0 0 0
0 0 0 0 0 0 0 0 0 0 0 0 0 0 0 0 41 58 24 35 37 56 20 10 16 20 4 13 9 30 22 9 21 0 0 3 6 1 0 0 2 0 3 5 1 13 47 39 38 35 5 37 46 73 65 81 65 32 26 48 0 0 5 37 69 90 87 61 5 2 5 0 6 32 0 0 2 1 0 1 0 0 2 0 9 42 5 0 0 17 35 0 0 0 0 0
0 0 0 0 0 0 0 0 0 0 0 0 0 0 0 0 5 20 41 53 37 60 46 39 10 13 35 5 4 1 1 0 0 0 0 0 0 0 0 0 7 5 26 32 15 26 79 59 24 7 4 21 24 29 40 81 76 61 37 81 38 1 0 26 66 90 91 84 67 16 0 0 0 12 23 1 0 0 2 0 0 0 11 26 51 17 0 0 0 12 37 0 0 0 0 0
0 0 0 0 0 0 0 0 0 0 0 0 0 0 0 0 0 7 27 48 44 50 14 3 19 57 33 12 8 17 2 0 0 0 2 4 0 0 0 0 6 10 20 8 10 33 65 53 4 0 0 0 17 26 74 79 76 53 47 43 32 42 68 54 71 87 71 78 85 87 25 13 7 41 25 0 1 1 0 0 0 20 16 37 29 0 0 0 0 25 14 0 0 0 0 0
0 0 0 0 0 0 0 0 0 0 0 0 0 0 0 0 0 0 11 37 33 29 15 33 57 19 0 3 1 1 0 0 0 0 0 14 1 0 2 0 25 25 45 31 16 1 28 59 23 23 1 0 7 20 21 46 47 69 77 81 67 70 92 92 88 90 84 70 79 77 89 61 34 88 60 28 0 0 0 0 0 6 22 26 21 0 0 0 0 31 0 1 0 0 0 0
0 0 0 0 0 0 0 0 0 0 0 0 0 0 0 0 0 0 0 0 21 43 18 84 11 7 0 0 7 14 0 0 6 6 14 29 0 16 14 2 4 30 35 18 10 3 16 33 21 24 11 11 13 45 48 37 61 73 75 59 66 79 71 72 85 87 87 67 59 79 83 74 74 58 84 76 0 5 0 0 0 50 6 0 6 20 0 0 0 9 8 0 0 0 0 0
0 0 0 0 0 0 0 0 0 0 0 0 0 0 0 0 0 0 0 0 8 42 47 58 10 4 0 0 0 1 2 8 6 24 12 2 9 13 47 6 18 25 14 9 0 30 3 20 43 59 23 0 22 40 28 32 52 56 76 83 59 55 62 98 91 73 58 65 71 81 55 59 80 71 66 68 20 0 0 0 0 58 15 1 2 0 0 0 0 0 44 11 0 0 0 0
0 0 0 0 0 0 0 0 0 0 0 0 0 0 0 0 0 0 0 0 4 18 65 59 59 25 12 0 0 0 2 27 18 23 1 0 2 21 39 3 28 27 1 0 4 30 0 0 16 16 18 16 59 43 27 67 83 70 83 83 59 67 75 55 53 89 41 57 77 43 14 49 27 18 62 86 47 0 0 2 18 63 0 0 0 0 0 0 0 3 6 13 3 0 3 10
0 0 0 0 0 0 0 0 0 0 0 0 0 0 0 0 0 0 0 0 29 72 40 57 21 2 23 6 2 2 8 11 28 10 0 12 0 12 57 24 52 23 2 0 3 34 4 9 4 12 30 11 27 54 20 67 40 68 76 82 75 67 39 8 40 79 62 34 84 45 32 24 2 18 49 86 27 0 2 34 77 58 5 2 0 1 3 0 0 38 7 24 8 0 1 36
0 0 0 0 0 0 0 0 0 0 0 0 0 0 0 0 0 0 0 0 21 37 48 61 24 3 15 9 7 28 25 21 0 9 13 23 4 43 16 1 18 10 9 3 0 47 2 15 8 9 4 9 13 38 34 49 24 57 75 59 44 60 32 3 34 73 75 67 73 75 21 21 8 55 73 83 51 33 66 94 80 48 7 0 0 0 0 0 0 16 7 3 17 6 22 14
0 0 0 0 0 0 0 0 0 0 0 0 0 0 0 0 0 0 0 0 55 55 52 53 14 2 8 0 0 5 3 3 10 12 16 29 45 25 5 1 24 7 0 1 0 9 12 2 13 11 1 4 22 20 60 79 71 58 78 54 11 20 75 12 19 77 69 78 64 86 29 27 6 41 80 70 74 55 79 86 66 35 54 13 0 0 0 0 0 11 22 0 0 0 3 24
0 0 0 0 0 0 0 0 0 0 0 0 0 0 0 0 0 0 0 2 39 44 79 49 24 0 0 2 0 1 5 11 20 37 35 50 30 22 0 0 9 8 0 2 9 6 46 5 10 11 1 15 54 48 61 77 81 49 61 39 20 18 86 52 41 73 76 74 69 87 45 66 1 59 84 72 35 57 44 9 7 3 21 55 69 27 1 7 16 9 4 0 0 0 0 0
0 0 0 0 0 0 0 0 0 0 0 0 0 0 0 0 0 0 0 13 65 51 66 36 21 2 4 3 9 1 0 24 24 54 49 44 30 9 0 10 49 19 32 10 33 37 71 11 6 1 0 0 27 54 85 59 15 67 69 75 29 81 85 64 49 58 85 69 76 85 75 77 10 93 84 45 0 12 57 63 20 6 0 0 1 36 42 28 6 3 0 0 0 0 0 3
0 0 0 0 0 0 0 0 0 0 0 0 0 0 0 0 0 0 0 12 59 43 45 17 0 5 7 3 6 24 10 13 33 44 40 46 11 1 6 5 25 28 34 33 44 31 24 0 2 18 1 14 27 58 77 34 2 40 67 89 57 78 49 62 66 68 69 70 76 57 74 70 69 85 79 64 3 0 0 27 85 86 21 0 0 0 0 1 0 0 0 0 0 1 25 24
0 0 0 0 0 0 0 0 0 0 0 0 0 0 0 0 0 0 0 0 45 40 50 28 3 1 0 0 7 14 28 29 39 36 50 33 27 20 19 17 54 46 44 59 79 38 5 0 24 7 13 18 38 24 38 1 0 45 79 82 65 70 56 75 94 84 85 72 60 80 49 38 26 84 83 71 2 0 0 4 63 82 82 49 1 0 3 40 6 0 0 0 0 13 30 19
0 0 0 0 0 0 0 0 0 0 0 0 0 0 0 0 0 0 0 0 3 38 51 14 1 0 0 9 12 21 36 32 45 42 40 10 27 37 6 20 30 39 49 73 56 41 15 11 27 33 0 3 18 30 43 3 1 5 75 88 54 65 54 54 89 79 79 70 45 58 24 16 50 85 58 53 0 0 0 3 28 45 48 81 80 55 55 31 48 15 0 0 8 3 0 1
0 0 0 0 0 0 0 0 0 0 0 0 0 0 0 0 0 0 0 0 0 41 45 13 0 2 30 40 43 54 16 34 30 55 24 63 43 33 4 45 31 58 69 51 25 13 11 6 15 26 8 10 70 64 43 22 16 1 45 68 63 63 48 63 85 96 60 63 73 72 41 10 32 81 88 52 0 0 0 9 4 0 0 37 45 4 1 0 7 36 0 0 23 0 9 2
0 0 0 0 0 0 0 0 0 0 0 0 0 0 0 0 0 0 0 0 0 9 39 11 14 12 33 32 64 55 66 24 0 46 40 79 37 10 6 54 24 23 40 65 17 32 22 17 8 42 44 2 63 45 39 31 34 49 62 66 59 73 70 69 88 94 78 82 86 70 80 51 55 79 89 42 0 0 0 0 0 3 1 7 69 0 1 0 0 6 0 12 4 0 0 0
0 0 0 0 0 0 0 0 0 0 0 0 0 0 0 0 0 0 0 0 0 0 5 15 9 18 24 25 29 9 42 15 0 18 41 32 2 2 9 68 69 53 49 32 31 28 23 31 10 55 49 59 52 38 50 30 36 17 54 22 69 64 59 87 85 81 79 72 36 74 88 88 83 62 96 50 0 1 4 0 0 0 0 0 45 0 0 1 0 0 0 3 0 0 0 0
0 0 0 0 0 0 0 0 0 0 0 0 0 0 0 0 0 0 0 0 0 0 0 9 12 42 42 2 4 61 53 0 0 0 15 40 34 1 56 85 66 85 61 26 28 5 1 14 6 32 90 82 55 34 46 15 42 4 44 26 20 71 77 75 55 73 79 59 25 68 75 62 91 88 78 48 3 14 3 0 0 0 0 0 0 0 0 40 20 0 0 0 0 0 1 0
0 0 0 0 0 0 0 0 0 0 0 0 0 0 0 0 0 0 0 0 0 0 0 0 33 44 18 23 19 81 16 0 0 0 47 58 25 34 62 71 67 80 79 19 3 25 23 29 13 70 75 87 86 18 63 61 37 25 74 19 20 51 69 78 90 93 84 86 88 79 76 79 71 83 74 48 0 0 1 0 0 0 0 0 0 0 0 46 5 1 24 0 0 0 0 0
0 0 0 0 0 0 0 0 0 0 0 0 0 0 0 0 0 0 0 0 0 0 0 0 24 22 48 52 64 28 1 0 0 9 71 21 3 58 76 76 85 61 67 54 28 40 20 19 45 62 73 55 45 34 81 51 65 22 7 7 20 86 57 86 97 53 3 76 84 92 59 69 67 52 92 68 0 21 0 0 0 0 0 0 0 0 0 24 0 0 27 0 0 0 0 0
0 0 0 0 0 0 0 0 0 0 0 0 0 0 0 0 0 0 0 0 0 0 0 0 9 70 48 77 43 20 47 2 0 15 31 21 42 66 84 91 63 67 47 62 22 7 24 28 50 66 81 42 3 39 83 37 27 9 3 25 11 60 84 77 67 57 4 53 86 84 88 83 85 50 76 78 15 5 0 5 0 0 12 2 0 5 31 29 12 53 12 0 0 0 0 23
0 0 0 0 0 0 0 0 0 0 0 0 0 0 0 0 0 0 0 0 0 0 0 0 0 3 45 38 13 1 20 0 0 23 7 16 59 62 68 78 23 31 65 26 1 20 62 47 48 57 52 50 29 10 25 1 0 4 50 68 25 12 56 77 63 24 30 29 45 83 94 80 67 60 92 87 27 15 0 0 0 0 29 0 0 37 55 6 6 39 19 13 2 0 0 0
0 0 0 0 0 0 0 0 0 0 0 0 0 0 0 0 0 0 0 0 0 0 0 0 0 0 0 0 0 0 0 0 0 17 43 58 34 87 71 61 23 43 26 5 0 2 56 68 41 72 65 63 4 0 0 0 8 15 37 19 42 40 48 56 73 68 13 1 61 80 72 92 98 82 87 93 82 58 0 0 0 6 34 0 0 48 48 0 0 51 12 36 23 0 0 0
0 0 0 0 0 0 0 0 0 0 0 0 0 0 0 0 0 0 0 0 0 0 0 0 0 0 0 0 0 0 0 0 5 4 34 69 49 74 81 76 40 77 44 0 0 0 14 51 68 86 65 36 5 0 0 0 8 57 5 18 41 32 56 78 73 67 31 39 75 44 53 65 90 81 75 73 87 59 1 31 4 15 1 0 29 35 3 0 0 19 50 54 51 0 0 0
0 0 0 0 0 0 0 0 0 0 0 0 0 0 0 0 0 0 0 0 0 0 0 0 0 0 0 0 0 0 0 16 62 52 67 63 83 82 86 94 64 72 57 0 0 0 0 44 55 74 83 19 0 0 0 0 0 27 45 59 26 33 72 68 78 86 60 59 77 52 56 76 63 61 78 80 80 70 76 97 61 27 9 48 26 0 0 0 0 11 68 27 41 0 0 0
