Data/Land Cover 1km/FME_656D6600_1589209169783_10689/temp/lcm2007_aggregate_classes_1km_gb_1.asc
ncols 700
nrows 1300
xllcorner 0
yllcorner 0
cellsize 1000
[rows 810 to 890 of 1300, columns 384 to 479 of 700]
8 6 0 2 1 0 3 5 7 1 2 3 5 7 1 5 0 6 2 11 7 2 20 17 19 2 0 1 1 12 6 3 3 0 2 5 1 2 2 0 0 16 5 0 1 1 2 5 0 0 6 1 1 0 0 0 0 0 0 2 2 0 2 27 9 7 1 7 46 24 12 13 10 0 2 0 10 20 13 1 13 29 16 0 6 35 14 0 0 8 10 20 4 12 35 6
0 3 4 1 1 0 0 5 3 2 0 0 1 1 1 3 9 17 8 16 8 5 1 6 3 8 0 0 7 3 13 3 2 1 2 5 5 2 0 3 0 8 3 1 0 0 1 4 0 0 6 2 0 4 0 0 6 0 1 1 0 30 30 12 1 15 20 1 31 29 31 27 17 5 0 0 13 27 35 11 14 5 29 1 0 6 41 13 1 1 18 3 2 0 3 26
0 0 0 0 0 0 2 2 6 0 0 0 0 0 0 1 5 2 12 0 0 2 8 10 14 7 2 0 0 0 5 9 2 6 13 19 6 2 8 2 2 0 0 1 0 0 1 12 0 1 5 5 6 1 0 0 2 4 1 6 1 36 8 17 0 8 30 0 34 9 35 21 46 14 11 11 3 35 30 11 4 9 21 6 7 10 32 41 0 7 34 1 7 11 1 11
0 0 0 0 0 0 0 5 4 0 0 0 0 0 1 2 7 6 4 0 0 0 0 0 2 12 14 7 8 8 3 6 7 19 0 6 1 4 18 5 5 1 4 0 0 0 1 0 2 0 1 5 1 0 0 1 5 0 0 7 0 4 8 23 5 3 9 1 15 21 32 16 39 6 34 17 9 27 39 1 15 1 15 25 12 2 7 6 8 25 14 1 3 8 0 1
0 0 0 0 0 0 5 1 0 0 0 0 0 0 0 1 9 5 1 0 0 0 1 2 2 20 4 3 7 5 6 8 13 4 1 6 3 4 3 1 0 34 25 8 5 6 1 0 0 0 0 1 3 0 0 6 7 2 2 1 1 6 10 13 10 16 20 2 0 5 20 18 49 23 4 30 20 3 43 2 14 3 3 7 1 0 0 0 1 15 2 0 0 2 0 2
0 0 0 0 0 23 6 0 0 0 0 0 3 2 3 0 0 4 0 0 0 0 4 10 6 13 0 0 0 0 13 13 8 7 43 26 4 44 13 1 5 14 4 3 5 5 0 0 0 0 0 4 1 4 2 2 7 5 4 0 1 0 5 13 3 13 36 4 0 3 10 30 47 36 6 3 19 11 8 13 5 1 1 1 3 0 9 4 5 0 0 2 0 0 2 5
0 0 0 0 0 7 0 0 0 0 0 0 3 11 1 0 0 18 0 0 1 3 7 0 0 0 0 0 0 0 0 0 9 8 4 3 2 5 10 3 24 0 2 2 0 0 0 0 0 0 1 3 4 2 6 6 4 3 1 3 0 3 1 2 1 4 55 7 1 9 2 11 30 34 20 13 21 7 0 6 0 0 3 2 7 4 0 1 2 1 0 7 0 1 2 0
0 0 0 0 0 1 0 0 0 0 0 13 17 0 0 1 6 0 0 2 0 11 1 0 0 0 0 0 12 2 0 0 6 5 6 10 3 3 14 6 2 11 4 3 3 3 27 5 0 0 2 2 0 0 0 8 3 0 3 2 1 0 1 2 3 2 6 44 4 3 4 15 1 2 30 26 27 8 3 1 1 1 2 1 8 0 0 0 0 0 0 4 4 1 1 0
0 0 0 1 0 0 0 0 0 0 0 2 0 0 0 1 0 0 0 0 1 2 0 0 0 0 0 0 0 27 14 8 1 8 6 2 5 1 5 9 8 3 10 1 0 5 19 3 1 1 0 1 1 0 0 3 3 2 0 2 1 0 0 0 0 26 44 51 40 27 3 1 5 5 11 8 7 1 17 8 0 1 7 2 6 1 0 3 3 1 0 0 6 3 1 0
5 3 3 1 6 0 0 0 0 0 0 0 0 0 0 2 0 0 0 0 5 0 0 0 0 0 0 3 8 20 5 18 13 11 12 21 12 7 1 13 3 1 3 2 2 1 0 0 0 0 0 3 0 0 3 0 0 0 0 2 0 0 0 0 3 19 20 33 22 57 26 29 14 13 3 10 24 17 3 11 3 0 6 0 2 0 1 1 0 0 1 0 4 1 2 0
0 0 0 0 8 0 0 0 0 0 1 0 0 0 0 0 0 3 2 11 2 0 0 0 0 0 12 3 0 2 0 11 15 19 19 34 41 9 7 9 19 2 1 0 2 0 2 0 0 0 0 4 0 0 0 2 0 0 0 2 0 0 9 11 6 0 6 9 6 15 49 41 46 6 6 11 15 9 3 0 6 5 4 3 3 1 2 1 0 0 2 0 0 0 1 0
0 0 0 0 0 0 10 26 1 6 1 0 0 0 0 4 7 8 0 0 0 0 0 0 0 0 0 0 0 4 20 6 5 12 19 7 14 17 12 14 26 26 18 1 1 8 10 1 1 0 0 0 2 3 1 3 0 0 1 1 5 1 4 0 0 8 16 1 0 4 4 0 17 8 7 8 8 10 1 1 5 3 13 4 1 5 12 0 0 0 1 1 0 0 1 0
0 0 0 0 0 0 0 3 15 20 1 0 0 0 0 0 2 0 0 0 0 0 0 2 4 0 1 0 0 0 0 5 0 1 2 0 6 45 27 51 20 22 11 4 4 16 24 1 1 0 0 0 0 0 0 0 3 0 3 0 0 0 1 0 0 0 0 3 0 1 0 1 15 4 4 2 0 1 3 3 2 2 4 4 1 0 0 0 0 0 0 3 0 0 0 2
0 0 0 0 0 0 0 0 0 22 9 0 0 0 0 0 0 0 0 0 0 0 2 8 8 5 9 0 0 4 6 3 0 0 1 1 1 5 5 15 32 8 19 9 10 15 3 10 2 6 0 2 0 0 1 3 2 1 0 0 1 2 0 0 1 0 0 0 0 3 18 8 7 0 6 28 19 20 14 9 15 8 5 1 0 9 2 0 0 0 0 0 0 0 0 5
0 0 0 0 0 0 0 0 0 10 25 2 0 0 0 0 0 0 0 0 0 0 0 0 0 1 13 0 0 3 1 3 0 0 2 5 9 6 3 1 2 7 8 8 6 2 20 0 2 3 1 0 0 0 1 10 1 0 3 0 1 0 1 0 0 0 0 1 0 4 1 9 14 7 16 26 18 11 16 13 26 28 9 0 1 0 0 1 3 0 0 0 0 0 0 0
0 0 0 3 2 5 0 3 0 0 17 5 0 1 13 0 0 0 0 0 0 0 0 3 7 7 5 0 0 0 0 0 0 1 25 3 1 9 1 10 12 11 3 13 0 1 4 11 4 1 2 1 0 0 0 5 2 1 1 0 3 1 0 0 0 0 3 4 3 0 1 6 20 18 6 8 18 5 12 5 7 20 13 10 0 1 0 0 0 2 0 1 1 2 2 8
0 0 2 0 0 0 17 9 0 0 1 17 1 3 0 0 0 0 0 0 0 0 0 0 1 2 6 5 0 0 0 0 0 0 0 1 3 5 5 0 13 6 25 22 0 4 2 36 15 0 1 0 0 9 0 4 3 0 2 3 1 14 24 27 0 0 0 0 0 0 2 2 1 1 16 22 2 9 19 13 16 5 8 26 18 22 10 5 1 2 0 1 2 0 1 4
0 0 6 1 0 0 1 19 1 1 0 0 0 2 0 0 0 0 0 0 0 0 0 0 0 1 2 5 0 6 0 0 5 6 1 0 19 6 4 6 10 2 10 33 5 0 2 6 3 2 0 1 1 1 0 0 0 13 2 1 10 10 23 21 3 0 0 0 0 0 0 3 4 4 6 20 24 17 13 5 2 8 17 5 17 34 12 36 25 0 0 1 0 1 1 2
0 0 0 0 0 2 0 0 4 11 4 0 5 9 0 0 0 0 0 0 0 0 0 0 0 0 7 12 7 0 0 0 0 2 16 10 5 2 5 7 10 8 20 15 17 15 0 10 7 1 3 4 19 0 0 0 0 3 1 0 4 3 2 0 0 4 2 3 0 0 1 5 4 4 4 3 0 12 18 5 9 15 8 0 25 61 17 2 25 23 18 6 0 2 2 4
0 0 0 0 0 1 1 0 0 0 4 2 0 7 0 0 0 0 0 0 0 0 0 0 0 0 8 11 5 19 5 0 0 0 6 2 0 1 6 13 27 37 29 3 5 11 9 2 3 3 3 4 7 0 1 0 0 0 0 2 4 8 1 1 0 5 1 0 3 1 1 0 0 0 1 0 1 0 2 0 0 1 4 6 0 22 27 27 22 23 15 22 3 5 1 3
0 0 0 0 0 2 12 0 0 0 0 0 4 1 0 0 0 0 0 0 0 0 0 0 0 0 0 3 9 8 2 0 0 0 2 0 11 10 9 17 28 21 6 17 45 13 3 0 0 3 5 1 1 0 1 0 5 4 4 3 5 1 12 0 0 0 1 4 0 2 1 1 0 2 1 0 0 1 2 0 0 0 1 3 13 17 23 9 20 23 0 8 0 12 6 2
0 0 0 0 0 0 0 0 0 0 0 0 0 0 3 0 0 0 0 0 0 0 0 0 0 0 0 0 8 12 21 11 0 0 0 8 2 6 20 12 5 22 20 31 26 13 0 4 4 3 7 10 1 0 0 2 6 2 0 2 2 1 3 3 5 0 0 3 0 1 3 3 4 0 0 0 0 0 1 0 6 0 3 16 10 14 26 10 21 27 8 15 2 0 0 0
0 0 0 0 9 8 0 0 0 0 0 0 0 2 2 0 0 0 0 0 0 0 0 0 0 0 0 0 0 5 8 3 0 0 0 1 0 1 12 4 0 12 28 8 1 10 2 7 0 3 20 10 15 0 2 13 6 1 2 0 0 0 0 0 0 1 0 1 3 5 37 0 0 0 4 5 0 0 3 1 1 8 0 35 4 1 4 20 3 24 50 16 8 1 0 2
3 0 0 0 2 0 1 0 0 0 0 0 0 9 10 0 0 0 0 0 0 0 0 0 0 0 0 3 15 5 7 4 1 0 0 0 2 10 13 27 19 25 13 2 15 1 1 2 0 4 7 3 0 0 1 3 5 3 1 5 1 0 4 1 1 0 0 0 0 4 1 1 9 3 2 0 3 0 0 0 0 1 1 1 5 0 6 6 0 45 2 20 7 1 4 1
1 0 0 0 0 0 0 0 0 0 0 0 0 1 76 23 0 0 0 0 0 1 0 0 0 0 0 2 9 15 13 12 9 2 0 24 22 2 9 5 15 24 2 5 8 6 2 1 0 0 8 3 2 5 1 2 0 5 1 2 1 3 7 8 1 4 4 1 5 3 6 0 0 0 6 0 2 0 0 0 1 4 6 0 1 3 1 6 4 24 13 3 5 3 8 1
0 0 0 0 0 0 0 0 0 0 0 0 1 9 21 0 1 0 2 0 0 0 1 0 0 0 0 0 11 0 12 39 19 3 1 26 34 1 17 7 4 6 8 11 3 0 5 2 0 0 15 10 3 3 0 0 0 2 0 0 0 0 1 0 1 10 3 0 2 1 2 0 0 0 7 8 0 0 0 0 0 0 1 0 0 3 2 0 0 0 37 1 1 5 2 3
0 0 0 0 0 1 1 0 0 4 2 0 0 1 1 0 0 2 1 1 0 7 1 0 0 0 1 1 2 0 10 17 44 30 13 18 17 0 4 9 2 9 1 18 18 8 0 3 2 4 13 0 7 6 0 2 2 2 3 0 1 0 0 6 3 0 0 0 2 2 3 7 1 0 1 0 19 7 0 4 0 0 0 0 0 1 0 0 1 4 43 6 2 3 1 5
0 0 0 0 2 1 12 12 0 0 1 0 0 0 3 2 0 1 1 0 4 1 0 0 0 0 0 0 0 0 0 0 0 12 41 21 22 0 15 25 17 0 11 7 20 10 6 6 3 6 6 2 1 10 4 2 3 1 4 0 3 0 3 15 5 3 4 0 1 0 2 2 0 0 1 6 1 5 2 2 0 7 6 0 5 1 0 4 27 7 1 0 0 2 5 4
1 3 0 0 2 4 4 0 0 0 2 1 0 3 6 2 0 1 3 1 13 3 4 1 0 0 0 0 4 2 0 2 1 0 5 7 8 0 34 8 1 0 1 10 12 2 4 3 3 12 2 1 5 4 0 5 2 2 5 1 12 5 16 17 2 0 1 1 1 0 2 2 1 0 0 7 5 1 5 2 6 10 9 6 7 4 0 16 2 11 4 0 9 3 4 6
0 0 1 0 6 2 8 1 5 1 10 6 5 2 3 1 1 16 6 14 2 1 1 12 2 0 0 0 2 2 7 0 0 0 2 9 10 5 23 23 6 4 2 13 3 4 4 10 2 3 7 2 1 0 0 7 5 12 8 2 1 6 8 3 0 1 0 1 0 0 0 0 3 0 0 0 0 0 0 1 6 17 8 9 7 1 0 7 14 8 4 0 3 2 0 7
1 0 3 5 0 0 7 2 1 20 10 0 1 0 0 8 0 0 0 6 1 9 27 2 0 0 0 0 3 4 0 4 9 25 7 6 5 11 34 6 4 13 5 21 9 9 6 3 0 1 11 10 4 6 1 1 5 15 15 0 0 9 3 3 3 6 0 1 0 1 0 0 0 4 4 0 0 0 0 10 2 13 12 8 4 10 2 7 26 0 1 7 3 1 0 3
0 0 1 24 5 0 1 1 0 2 0 0 8 1 1 0 0 0 0 0 7 3 3 0 0 0 0 0 1 3 1 1 2 14 10 0 6 6 0 4 11 4 5 9 0 0 10 13 29 18 14 3 5 4 0 4 8 10 8 0 7 1 8 2 8 6 8 3 2 0 1 0 0 4 2 0 1 0 1 2 18 5 24 19 24 8 6 1 1 10 6 3 2 5 6 5
1 0 0 0 1 2 2 9 2 5 1 11 8 5 7 0 0 0 0 0 13 14 5 8 1 0 0 0 0 0 2 16 1 6 4 7 6 1 4 15 3 4 2 1 0 5 7 5 14 38 7 4 1 0 0 9 20 4 2 1 0 1 3 2 2 2 0 0 10 0 1 0 3 0 4 0 0 1 0 2 4 11 8 0 2 12 47 29 0 1 0 1 2 0 9 37
1 0 0 11 8 3 3 1 7 24 15 6 16 11 10 0 0 0 0 0 0 14 40 21 3 0 0 0 1 0 1 18 7 0 0 0 1 1 3 5 5 0 0 6 9 2 1 4 2 4 9 3 1 1 4 13 24 5 2 1 1 1 0 0 1 0 0 1 3 0 0 0 3 3 2 7 3 1 0 0 6 0 1 3 15 5 24 13 2 0 0 2 3 2 14 36
7 4 14 1 1 19 10 6 13 18 15 38 3 13 0 0 0 0 6 1 0 0 4 23 9 3 0 0 0 0 1 6 12 16 4 2 1 0 1 5 4 1 0 2 14 1 0 1 0 0 0 18 11 3 31 26 16 9 1 7 0 0 2 0 1 0 0 1 2 2 2 1 1 1 2 1 1 2 0 1 0 2 2 1 0 4 3 0 4 0 0 0 0 0 3 12
9 11 5 2 5 2 1 9 12 2 0 10 0 2 1 0 0 0 2 0 0 1 22 12 7 2 1 0 0 0 0 0 6 6 19 8 12 5 4 19 14 17 24 35 9 1 7 7 6 0 0 17 9 6 12 3 19 5 10 5 0 0 0 3 2 1 1 0 2 0 1 4 0 3 0 3 6 2 1 2 2 5 0 2 0 5 1 0 3 0 0 0 0 0 2 0
0 4 3 0 1 9 5 2 2 5 2 2 8 1 1 1 10 0 0 3 0 11 3 13 2 6 2 0 0 0 0 3 15 13 12 30 23 0 0 3 1 9 8 3 2 0 1 10 20 15 6 19 5 9 1 1 1 10 4 0 0 2 1 0 3 0 0 0 0 2 1 0 2 1 0 0 2 0 0 0 1 0 1 0 2 2 1 0 0 10 3 0 1 0 2 0
5 1 0 0 6 0 2 0 0 0 4 2 1 9 9 25 7 3 0 2 9 1 14 17 19 3 2 0 0 0 0 0 1 2 4 6 4 1 1 0 1 1 3 6 3 0 4 5 19 12 3 4 1 1 0 0 3 11 7 8 8 2 0 0 0 1 1 0 0 0 0 0 0 0 6 1 0 3 1 0 2 1 1 0 10 10 12 3 0 0 3 0 0 0 0 1
2 0 1 3 12 10 22 11 1 10 15 9 1 2 2 0 7 3 1 1 0 0 0 4 19 0 1 0 5 1 1 2 0 5 8 31 1 5 0 1 0 0 1 0 7 0 7 5 16 2 7 7 0 2 8 0 1 0 2 2 3 0 0 0 0 0 0 7 0 4 0 0 0 1 2 1 0 4 2 0 2 4 1 1 1 16 6 1 0 1 0 2 0 1 3 4
0 2 1 4 14 2 3 2 0 4 24 0 0 3 3 3 2 0 0 0 0 0 4 2 3 12 0 0 14 6 1 9 0 0 21 19 11 17 0 5 0 1 0 0 2 1 2 3 2 6 1 2 0 2 0 1 2 10 11 9 0 0 2 2 0 2 4 7 3 0 3 0 1 0 0 0 3 4 4 0 0 0 0 19 6 6 1 2 1 1 1 4 1 0 0 1
0 1 0 1 7 1 3 3 3 5 0 3 6 6 7 0 2 0 0 0 3 0 15 4 6 17 14 5 11 39 3 21 2 2 3 16 4 28 5 0 4 0 0 0 0 0 3 0 8 8 4 4 7 12 3 5 0 2 10 3 3 0 3 1 0 7 4 13 4 2 1 0 4 2 1 0 0 0 2 4 1 3 9 6 10 3 0 1 0 0 2 4 0 0 0 0
1 13 4 0 1 4 7 3 2 4 0 1 6 8 1 0 3 0 0 2 14 2 0 11 7 19 21 24 36 21 11 15 8 0 2 0 6 12 13 1 4 0 0 3 0 1 3 12 4 4 4 0 5 16 3 3 1 2 4 0 7 7 12 2 0 2 15 1 2 6 3 0 3 23 0 13 7 3 1 14 9 0 0 1 6 2 10 8 0 0 0 3 18 0 0 0
2 4 0 0 3 0 4 2 0 0 0 0 0 0 0 1 14 0 3 2 5 0 1 8 6 29 12 6 2 8 13 3 7 10 7 1 2 25 32 2 2 5 0 1 0 2 1 0 0 1 0 19 16 15 2 1 3 4 5 0 3 2 0 1 1 9 2 2 0 0 0 5 14 7 2 4 11 1 3 10 3 1 5 6 1 0 3 0 1 0 6 9 8 13 1 3
1 0 5 3 6 1 0 4 0 0 3 0 2 3 8 3 7 1 0 3 1 4 0 0 0 5 10 7 11 3 4 12 2 14 0 0 6 17 0 0 0 8 0 0 1 8 0 0 1 0 14 5 30 12 3 6 12 19 16 3 24 3 0 0 4 6 15 2 4 2 2 0 2 0 0 0 0 1 7 6 1 20 7 3 2 14 0 0 0 8 1 0 5 10 0 0
0 1 4 5 2 6 0 0 0 0 14 10 0 1 0 3 1 1 1 3 1 8 11 2 0 0 0 0 0 0 7 9 10 1 13 5 0 4 3 4 7 2 5 4 3 0 7 23 13 8 5 6 5 4 1 4 1 4 1 0 5 1 0 0 15 2 5 6 1 2 3 5 1 0 0 3 2 0 4 2 1 6 1 0 0 1 3 3 4 8 0 1 0 2 2 3
0 0 0 0 3 3 7 7 2 4 8 1 2 10 8 3 2 11 10 11 6 29 1 1 0 0 0 0 0 0 0 6 3 12 6 39 35 31 26 19 11 6 9 3 13 6 29 10 21 0 0 1 5 4 2 1 3 5 0 5 0 2 4 3 4 2 4 11 21 1 0 0 12 3 0 4 3 3 1 5 7 0 0 0 2 4 4 1 12 11 3 4 2 4 4 0
0 0 0 6 2 3 5 1 15 0 3 3 6 15 0 8 17 6 8 9 16 14 14 0 2 11 7 0 0 0 0 0 5 7 2 4 5 17 2 5 1 13 15 9 5 11 26 23 23 11 5 5 7 3 2 45 46 15 2 5 16 2 6 5 3 6 15 12 30 1 2 0 1 7 23 7 4 2 2 5 5 2 2 1 9 12 0 0 26 10 3 5 1 0 0 2
1 2 0 1 7 6 0 0 0 0 0 0 3 4 2 0 9 1 3 1 4 7 6 2 5 0 8 10 3 0 3 1 10 7 1 1 6 3 1 7 6 6 4 4 10 14 13 16 11 2 8 1 3 17 9 14 45 25 10 0 4 8 8 0 7 5 4 9 10 0 0 5 5 1 0 3 6 10 4 10 4 10 12 6 8 2 0 0 1 0 5 3 1 4 1 5
10 3 1 16 18 7 1 0 1 1 1 0 0 1 0 0 0 0 1 0 0 2 0 11 20 12 6 2 2 0 10 12 10 4 1 0 0 0 0 6 1 5 22 22 8 4 12 15 4 3 3 6 9 11 15 6 36 15 44 1 2 5 2 9 27 20 8 0 1 12 23 15 11 3 3 1 0 10 6 7 4 3 2 6 5 1 0 4 2 0 8 2 3 1 0 15
8 6 8 13 0 0 1 9 4 1 0 0 0 0 0 0 9 19 17 28 14 1 13 7 26 23 3 13 2 1 0 8 19 11 31 16 3 0 3 2 6 1 0 11 19 12 8 3 15 1 4 4 7 2 0 5 33 63 30 6 18 1 3 4 29 3 8 1 4 8 14 16 11 1 1 0 4 4 0 18 23 3 31 8 4 0 0 0 5 3 0 0 3 0 0 0
2 1 14 12 3 12 4 2 5 4 0 0 0 0 0 0 0 6 7 15 1 18 12 1 26 34 22 8 16 3 0 1 10 49 38 18 4 1 1 12 6 13 6 6 41 6 6 3 18 9 1 2 4 9 51 3 3 13 17 28 41 0 3 1 1 0 2 2 0 0 2 5 11 1 3 0 0 1 5 17 8 7 17 5 1 7 0 0 2 1 0 0 0 4 7 1
9 4 0 12 4 8 2 0 3 2 2 0 0 0 0 0 0 1 1 5 11 18 1 8 19 21 16 5 39 24 17 2 15 4 17 7 26 15 9 7 10 35 5 16 27 13 0 1 7 33 4 3 4 0 12 0 3 14 16 3 47 17 5 0 0 30 1 5 0 1 0 0 10 1 0 1 3 0 0 3 1 2 22 10 1 0 2 6 5 0 0 0 4 2 3 1
5 5 0 2 2 0 10 2 2 0 0 0 0 1 3 0 3 7 9 11 1 9 4 17 21 23 16 12 21 6 1 3 0 0 0 36 44 19 11 3 16 24 1 13 13 2 6 17 3 16 11 4 2 2 1 1 3 21 15 11 4 1 3 0 7 13 0 2 1 5 8 0 0 1 0 1 1 0 0 9 38 17 23 9 1 0 1 8 1 0 1 0 0 0 1 3
12 7 1 7 13 9 3 1 4 0 0 0 0 1 4 4 5 2 2 8 0 0 4 14 0 2 0 6 35 29 18 0 0 0 0 18 1 2 5 3 38 16 22 7 8 4 1 23 13 1 2 1 0 2 1 1 9 33 28 4 3 2 0 0 4 10 0 2 0 5 6 1 0 0 0 0 0 0 0 7 10 16 20 0 2 0 0 2 0 10 12 0 0 0 8 0
12 1 3 1 1 1 2 0 0 0 0 0 0 0 0 3 0 2 0 9 0 0 7 12 0 0 1 4 0 15 10 0 1 0 0 26 1 11 5 6 0 7 6 1 4 6 4 0 0 0 0 2 0 2 4 1 13 43 4 13 2 25 2 0 0 0 5 1 0 0 1 1 0 2 0 0 2 3 0 1 1 5 1 2 0 0 8 5 0 1 7 2 0 0 0 0
1 0 16 9 6 9 23 0 0 0 0 0 0 0 0 0 0 1 2 13 0 0 0 12 0 0 0 9 3 1 0 0 5 4 0 1 7 8 1 0 2 1 14 6 1 5 1 4 4 7 7 0 0 1 11 8 2 6 1 5 12 45 6 0 1 1 1 0 1 1 2 61 4 0 2 0 3 0 0 0 1 1 1 0 0 0 1 0 3 0 2 0 1 0 2 0
11 29 22 12 2 0 0 0 0 0 0 0 0 0 0 0 0 0 0 0 0 0 2 2 2 0 0 3 1 0 0 0 0 0 0 0 4 0 2 12 23 0 0 1 3 0 0 0 2 0 1 0 5 7 7 2 1 4 2 3 1 28 40 4 3 5 6 1 3 5 7 52 18 2 5 0 0 19 0 5 0 0 0 0 1 3 5 1 4 0 3 1 0 0 0 0
0 5 15 1 2 0 0 0 0 4 2 0 0 0 0 0 0 0 0 0 0 0 0 1 1 5 1 1 1 9 0 0 0 0 0 0 20 11 2 11 14 11 2 0 1 0 0 0 0 0 16 23 16 3 1 0 2 2 0 7 5 18 0 0 3 0 2 2 8 2 10 37 5 4 3 0 0 3 1 4 0 0 0 0 0 4 0 2 0 3 3 0 1 4 1 9
5 8 5 18 2 0 0 2 0 0 0 12 17 14 0 3 0 0 0 0 0 3 3 0 0 3 5 3 2 1 1 0 0 4 0 1 11 12 18 10 3 5 3 1 3 0 2 0 3 2 14 4 29 22 1 0 5 7 1 3 56 28 7 1 1 3 4 4 1 0 0 1 0 1 1 2 1 5 5 2 3 0 2 1 1 2 3 1 5 4 14 1 5 1 0 5
19 27 10 10 1 2 0 0 0 0 0 0 0 38 17 6 0 3 3 0 0 0 6 0 0 0 5 5 1 0 0 0 2 6 0 0 8 10 7 10 0 0 2 4 3 2 0 2 3 2 9 8 11 2 3 0 12 6 3 4 28 22 5 1 0 0 5 0 0 1 0 2 0 4 30 0 0 12 9 4 0 0 2 2 0 1 2 1 13 9 0 2 0 0 1 1
0 8 6 4 0 3 0 0 0 0 0 1 0 40 51 19 0 8 16 0 1 1 4 0 7 3 1 0 1 0 0 0 5 8 1 0 4 2 6 1 0 4 3 2 2 32 29 4 3 1 5 6 9 14 11 12 10 1 6 3 13 6 9 0 1 4 8 11 6 0 2 6 4 3 0 0 0 14 1 3 0 0 0 0 1 0 0 0 0 6 2 0 0 1 1 0
0 0 6 17 3 0 0 0 0 0 0 4 3 23 31 35 1 0 12 13 2 3 12 6 1 18 3 0 14 26 3 0 2 1 0 0 2 3 0 2 2 6 3 3 9 17 17 1 0 0 6 11 2 18 3 57 12 15 1 2 1 15 2 1 1 3 1 0 0 0 8 13 19 6 0 1 2 2 6 10 2 39 3 0 0 0 0 0 3 13 6 0 0 1 2 0
0 0 0 17 8 1 1 5 1 0 0 0 0 15 49 17 7 1 1 13 17 2 5 0 1 16 11 1 8 25 25 1 0 1 9 4 3 5 7 5 15 0 2 2 8 5 0 11 5 0 0 11 4 16 11 11 17 6 1 11 19 39 10 4 1 1 6 0 0 3 0 0 0 1 0 3 0 5 9 17 4 16 7 5 1 0 0 0 1 4 2 4 1 1 1 3
5 0 0 0 0 12 8 13 4 0 3 1 32 50 18 34 19 8 20 2 12 1 15 20 5 2 19 13 4 6 22 0 0 3 0 2 8 10 4 1 20 2 0 5 8 3 18 2 2 0 3 0 7 20 3 2 0 0 7 3 8 5 22 12 32 4 5 2 2 0 5 0 0 0 0 0 1 5 10 8 1 4 13 1 0 0 1 1 19 0 2 2 0 2 7 4
1 1 3 5 0 1 6 17 20 8 1 8 36 5 4 11 8 8 14 13 14 1 0 2 3 3 18 23 9 8 5 0 3 3 0 5 0 2 5 10 6 4 0 0 2 2 1 6 5 2 1 9 7 7 3 10 2 1 0 2 3 0 27 4 10 10 8 14 0 0 1 0 0 0 1 0 0 0 1 1 4 6 4 3 1 0 0 0 6 2 1 5 0 2 1 0
0 0 2 3 1 0 0 0 12 21 7 16 21 3 0 15 44 13 0 6 9 2 6 2 0 8 7 6 10 3 2 4 6 3 0 6 2 0 0 4 0 15 5 5 5 0 4 2 7 4 0 2 3 1 0 0 7 1 1 0 11 0 2 0 1 0 0 4 0 0 0 1 0 8 3 0 1 1 0 5 4 11 1 1 0 0 0 4 3 1 0 3 7 6 25 5
1 7 5 1 4 2 3 22 5 16 7 11 1 0 0 11 17 4 1 5 9 10 3 19 13 2 2 4 13 13 8 3 2 0 1 0 0 2 0 1 8 0 2 6 4 1 0 3 2 0 11 10 1 1 1 4 4 9 1 9 5 12 0 4 2 0 0 2 1 1 0 0 1 4 5 0 1 2 2 0 9 28 1 0 0 2 1 1 4 0 0 1 6 1 0 2
3 2 2 8 0 0 0 0 7 8 0 3 0 1 3 5 9 0 1 0 26 22 1 26 36 24 11 45 27 22 0 1 31 18 3 0 2 0 0 2 1 1 4 0 3 0 0 0 1 1 0 25 17 4 0 1 3 2 0 2 3 6 1 0 7 0 1 0 0 8 0 5 6 0 0 0 5 2 6 0 2 1 0 1 2 4 0 7 11 1 0 0 0 0 0 0
9 13 14 3 1 0 0 0 6 16 1 0 0 0 0 1 1 0 2 17 47 7 0 8 1 12 6 1 5 1 4 26 20 22 11 1 0 0 1 10 0 9 1 0 0 1 1 1 2 0 0 40 21 3 0 0 2 3 0 0 2 1 0 0 0 0 2 2 10 7 12 1 2 1 2 3 2 0 2 0 0 2 1 5 13 5 0 9 1 0 0 0 0 0 0 0
2 0 0 0 0 1 0 0 1 5 7 0 0 0 0 0 0 3 3 9 30 2 5 12 4 3 1 8 2 1 22 8 16 6 6 4 0 6 4 9 2 6 0 0 0 0 0 0 2 0 3 15 3 0 0 0 3 3 3 0 3 0 1 0 0 7 6 5 3 7 4 0 1 0 2 2 1 0 0 1 4 1 1 3 2 3 0 0 0 0 0 3 0 0 0 0
0 0 0 0 3 1 0 0 0 0 5 0 0 0 0 0 0 0 1 11 17 15 20 5 6 6 3 4 27 21 16 20 9 16 3 0 2 11 10 4 2 4 13 0 1 2 3 1 5 0 5 7 4 1 0 22 2 1 0 1 0 1 0 1 0 9 10 14 3 5 19 5 0 0 0 0 1 1 1 5 0 0 1 0 1 0 4 0 8 0 0 2 0 1 0 0
0 0 0 0 0 2 5 2 0 0 3 0 0 0 0 1 1 13 13 13 1 4 12 4 10 5 2 1 1 15 2 10 8 6 0 6 27 45 19 6 7 8 0 0 5 2 0 1 2 0 3 9 6 1 5 0 15 1 0 4 8 0 0 5 1 23 10 19 9 1 10 18 3 1 12 0 0 0 2 0 3 9 2 0 0 0 0 4 8 1 0 0 0 0 0 0
0 0 0 1 3 0 2 3 0 3 11 3 1 0 0 2 0 0 5 36 9 4 21 3 8 16 7 3 4 6 1 8 3 5 1 2 15 21 6 2 5 3 13 6 3 9 4 1 3 3 4 3 0 2 4 19 32 18 4 1 6 0 0 0 11 23 46 5 1 2 6 9 2 3 2 0 0 1 2 1 4 0 0 0 0 0 11 2 5 1 9 0 0 0 0 0
0 4 0 10 14 0 0 0 2 1 5 0 0 0 0 0 0 1 2 15 21 15 20 4 8 2 2 5 7 5 0 10 3 10 4 5 21 15 7 7 13 10 0 26 0 3 12 4 3 5 2 7 8 4 2 15 5 5 8 2 1 1 4 0 20 0 0 2 0 1 1 0 0 2 0 1 2 0 1 1 3 2 0 0 0 2 1 16 0 1 28 8 1 0 0 0
0 8 0 28 20 1 8 0 0 6 8 2 2 0 0 1 0 0 0 3 12 2 3 0 8 15 25 7 2 11 13 31 13 7 7 0 12 13 1 5 7 8 21 30 28 12 18 4 7 26 13 8 13 8 4 0 0 3 3 0 0 0 1 0 0 0 1 1 2 0 0 1 0 0 0 2 2 0 5 8 7 4 1 0 0 0 0 10 0 4 38 42 7 0 0 0
3 18 2 5 15 2 2 2 1 1 3 2 5 0 0 0 0 0 0 0 1 12 13 3 6 17 7 1 18 26 3 12 5 38 5 26 3 3 0 2 8 4 4 7 17 19 9 8 39 38 9 8 14 11 6 4 0 1 8 11 1 0 1 8 18 3 2 2 16 8 10 21 2 0 0 0 0 1 4 9 1 0 0 2 0 0 0 20 28 9 30 44 3 0 0 3
19 21 0 4 8 1 6 6 1 0 2 0 0 0 0 0 0 0 0 0 1 8 9 18 5 7 1 10 38 34 1 12 33 24 30 0 0 9 4 0 0 0 15 20 17 4 16 0 4 19 3 10 7 2 5 5 0 0 2 0 4 1 0 5 3 0 2 3 1 0 11 10 1 1 4 2 1 1 3 0 0 0 10 7 1 0 0 0 23 55 4 14 0 0 0 0
10 36 12 21 24 2 1 0 0 0 4 6 10 0 0 0 0 0 1 6 1 29 12 3 3 3 4 26 31 38 11 37 9 26 34 23 17 4 1 0 0 2 1 28 24 11 11 9 5 6 1 3 3 12 2 3 0 3 1 3 7 4 2 1 2 0 0 7 5 2 0 3 18 6 1 0 1 0 2 4 0 4 2 3 1 1 4 4 4 0 5 3 0 0 0 0
32 25 12 2 2 5 3 0 2 4 1 16 1 0 0 0 0 0 0 0 13 10 0 3 0 4 2 48 15 1 13 21 3 19 38 28 10 4 12 11 13 11 4 5 10 9 0 21 3 9 28 1 1 9 4 1 3 1 0 10 6 9 4 1 0 0 2 2 12 10 28 10 7 0 0 1 4 7 7 1 0 0 0 2 0 0 0 0 0 0 0 0 0 9 0 0
0 0 2 1 1 2 4 1 0 4 17 9 2 4 1 0 0 0 0 0 7 5 0 0 2 3 8 31 14 3 21 35 14 6 28 17 1 7 1 1 9 8 15 22 33 12 6 3 4 0 0 1 0 7 0 1 0 4 2 3 0 0 2 1 11 11 6 1 3 6 6 19 27 33 0 1 3 4 0 0 2 2 0 1 0 0 2 0 1 0 0 1 3 9 11 4
0 2 7 19 4 4 0 0 0 0 3 8 6 3 0 1 2 1 0 0 0 9 0 0 0 12 12 11 9 7 10 25 9 13 9 6 8 2 10 7 37 11 13 41 29 13 5 1 3 1 0 0 1 3 0 0 1 2 3 41 9 3 18 10 6 3 7 0 2 2 3 22 18 11 12 17 0 7 0 4 0 0 2 1 0 0 0 0 2 0 0 1 2 5 9 2
