Data/Land Cover 1km/FME_656D6600_1589209169783_10689/temp/lcm2007_aggregate_classes_1km_gb_5.asc
ncols 700
nrows 1300
xllcorner 0
yllcorner 0
cellsize 1000
[rows 1140 to 1215 of 1300, columns 288 to 383 of 700]
0 0 0 0 0 0 0 0 0 0 0 0 0 0 0 0 0 0 0 0 0 0 0 0 0 0 0 0 0 0 0 0 0 0 0 0 0 0 0 1 16 1 0 0 1 0 0 4 7 5 4 1 10 11 13 7 13 4 9 11 7 19 4 2 0 9 8 4 0 2 17 9 13 5 9 3 12 1 4 3 4 6 18 12 6 23 0 2 6 1 6 4 9 1 4 2
0 0 0 0 0 0 0 0 0 0 0 0 0 0 0 0 0 0 0 0 0 0 0 0 0 0 0 0 0 0 0 0 0 0 0 0 0 0 0 0 6 18 5 1 6 6 19 2 11 9 2 6 4 1 1 8 13 5 9 33 28 9 14 24 13 8 7 6 5 6 10 8 5 5 29 9 6 14 3 8 10 8 5 3 7 0 12 5 8 1 3 11 5 3 0 1
0 0 0 0 0 0 0 0 0 0 0 0 0 0 0 0 0 0 0 0 0 0 0 0 0 0 0 0 0 0 0 0 0 0 0 0 0 0 0 0 0 0 0 5 2 7 5 7 6 8 3 7 30 10 14 14 17 18 19 67 41 22 1 11 18 13 8 7 5 11 13 8 11 4 5 6 2 11 13 6 8 9 2 4 1 8 0 9 10 2 2 2 9 7 0 4
0 0 0 0 0 0 0 0 0 0 0 0 0 0 0 0 0 0 0 0 0 0 0 0 0 0 0 0 0 0 0 0 0 0 0 0 0 0 0 0 0 0 0 3 2 4 2 1 7 0 9 20 22 20 29 34 34 14 8 15 2 0 5 9 12 14 40 7 5 7 22 25 13 2 7 11 7 8 4 7 5 3 4 14 8 5 10 2 2 1 6 0 5 1 0 1
0 0 0 0 0 0 0 0 0 0 0 0 0 0 0 0 0 0 0 0 0 0 0 0 0 0 0 0 0 0 0 0 0 0 0 0 0 0 0 0 0 0 0 0 7 3 2 1 6 5 22 8 3 4 15 11 11 11 3 1 6 11 16 12 9 1 11 9 7 23 14 10 22 12 6 9 0 1 0 10 2 5 5 17 6 1 8 1 5 3 7 7 2 3 5 6
0 0 0 0 0 0 0 0 0 0 0 0 0 0 0 0 0 0 0 0 0 0 0 0 0 0 0 0 0 0 0 0 0 0 0 0 0 0 0 0 0 0 2 1 3 7 5 0 1 0 2 0 0 1 0 0 4 10 8 30 33 11 1 3 3 2 3 3 17 25 23 21 16 9 5 14 10 7 1 2 14 7 10 8 3 1 0 0 0 0 1 1 5 1 0 0
0 0 0 0 0 0 0 0 0 0 0 0 0 0 0 0 0 0 0 0 0 0 0 0 0 0 0 0 0 0 0 0 0 0 0 0 0 0 0 0 0 0 20 6 1 4 2 2 1 2 4 7 1 0 0 3 4 0 3 11 37 12 8 6 31 16 5 10 14 10 13 18 6 13 22 23 17 0 1 0 1 0 0 4 1 0 0 0 4 0 0 2 3 1 0 0
0 0 0 0 0 0 0 0 0 0 0 0 0 0 0 0 0 0 0 0 0 0 0 0 0 0 0 0 0 0 0 0 0 0 0 0 0 0 0 0 0 0 6 10 7 3 1 2 0 2 0 6 17 7 4 8 3 3 6 9 9 4 18 1 14 5 6 5 18 3 3 8 1 0 0 0 9 10 0 0 2 2 4 5 2 2 6 2 0 0 0 7 2 0 7 4
0 0 0 0 0 0 0 0 0 0 0 0 0 0 0 0 0 0 0 0 0 0 0 0 0 0 0 0 0 0 0 0 0 0 0 0 0 0 0 0 0 8 1 0 3 7 11 0 0 0 0 1 2 6 4 4 4 7 2 3 4 4 1 2 6 1 6 2 4 18 9 6 7 21 17 4 5 7 1 0 8 0 3 0 1 6 9 0 0 13 3 5 3 5 2 6
0 0 0 0 0 0 0 0 0 0 0 0 0 0 0 0 0 0 0 0 0 0 0 0 0 0 0 0 0 0 0 0 0 0 0 0 0 0 0 0 0 0 0 3 4 8 13 3 1 0 4 4 2 1 2 10 0 7 10 3 6 6 8 7 13 6 9 4 8 5 0 1 7 1 16 7 10 1 4 3 2 1 1 1 0 7 13 6 2 1 2 2 6 7 3 8
0 2 15 21 18 0 0 0 0 0 0 0 0 0 0 0 0 0 0 0 0 0 0 0 0 0 0 0 0 0 0 0 0 0 0 0 0 0 0 0 0 0 0 0 8 2 2 0 1 3 4 1 3 11 4 4 1 3 0 3 0 1 0 4 0 11 2 1 9 3 5 4 0 7 9 7 3 4 5 1 1 5 6 4 5 4 8 1 2 3 3 2 5 1 1 2
2 4 7 10 23 45 10 8 0 0 0 0 0 0 0 0 0 0 0 0 0 0 0 0 0 0 0 0 0 0 0 0 0 0 0 0 0 0 0 0 0 0 1 8 6 5 0 4 1 0 2 6 4 8 4 5 1 0 0 2 1 1 1 8 3 3 10 15 11 5 5 0 3 4 8 4 9 0 4 4 9 0 1 10 10 6 0 1 4 3 0 1 0 2 0 3
3 2 4 0 3 26 22 22 3 0 0 0 0 0 0 0 0 0 0 0 0 0 0 0 0 0 0 0 0 0 0 0 0 0 0 0 0 0 0 0 0 0 1 5 5 1 4 1 0 5 3 1 6 5 3 4 12 2 1 3 0 1 1 1 5 6 15 20 15 7 8 3 9 19 17 5 10 0 2 2 5 10 2 0 1 2 3 7 2 0 0 0 0 0 7 10
5 15 16 1 2 24 23 21 1 1 0 0 0 0 0 0 0 0 0 0 0 0 0 0 0 0 0 0 0 0 0 0 0 0 0 0 0 0 0 0 0 0 0 1 2 0 4 5 3 0 6 0 6 3 3 3 10 14 4 6 0 7 1 6 15 6 3 1 4 14 7 9 2 3 10 8 19 4 6 4 4 2 0 2 4 5 0 9 8 3 0 1 6 3 3 4
30 21 8 1 1 6 9 10 14 1 4 0 0 0 0 0 0 0 0 0 0 0 0 0 0 0 0 0 25 5 2 3 6 2 5 3 1 0 0 0 0 0 4 6 7 2 8 13 3 1 3 0 6 1 1 1 0 5 4 2 6 9 5 14 5 3 1 3 4 7 5 1 6 5 6 10 1 4 7 0 0 3 0 9 5 2 3 1 1 2 7 1 4 2 6 9
22 6 6 12 13 21 2 0 5 4 9 1 0 0 0 0 0 0 0 0 0 0 0 0 0 0 2 5 8 12 14 8 14 12 7 1 5 2 0 0 3 0 0 1 2 1 6 1 3 1 4 1 1 4 11 2 10 32 13 17 2 5 4 12 14 2 3 5 13 18 12 11 1 4 7 0 2 2 5 20 4 6 0 6 8 3 5 1 0 4 6 0 11 2 4 6
35 19 32 1 10 15 14 7 1 11 18 2 2 0 1 4 5 7 4 8 3 1 2 6 1 3 1 4 1 0 1 4 3 6 3 9 13 4 0 2 3 0 0 2 11 1 1 4 1 4 4 6 5 10 2 0 9 24 14 0 6 10 1 0 1 5 1 18 0 4 15 24 11 1 5 3 0 15 5 2 0 2 0 0 2 7 0 1 1 10 5 0 2 2 8 9
33 4 2 7 9 9 2 15 29 1 5 14 1 2 1 2 4 2 1 4 11 11 5 6 5 9 14 7 7 4 0 0 5 10 4 2 1 3 0 0 0 2 2 1 7 8 5 1 1 3 1 4 3 27 19 4 7 3 0 2 4 5 0 2 9 7 1 9 2 14 19 4 12 7 13 3 4 0 0 1 0 0 0 0 5 0 0 3 7 1 6 0 6 4 8 1
25 0 0 17 30 26 15 25 6 5 4 14 13 2 0 5 2 0 1 0 0 7 3 2 6 4 13 5 4 1 0 2 3 5 7 0 0 5 3 0 0 2 6 4 1 18 5 1 12 3 24 3 5 24 43 20 1 1 1 4 6 7 8 1 28 22 1 1 17 6 10 10 14 13 2 6 4 0 3 6 2 2 4 0 3 0 1 6 7 1 0 1 8 13 3 0
68 1 21 4 9 14 26 9 12 1 1 17 14 2 2 2 9 2 0 3 2 10 5 24 14 14 21 15 11 1 1 0 6 5 11 4 2 1 0 0 6 0 1 1 3 7 1 3 2 4 16 3 4 25 12 41 12 18 11 2 4 9 6 10 8 6 0 11 12 2 0 8 5 1 17 0 6 4 19 12 22 10 14 9 8 1 1 3 2 1 0 0 0 5 0 1
23 17 24 15 9 6 11 34 17 1 2 4 8 6 0 8 7 3 5 1 6 7 7 36 48 9 22 14 2 7 11 9 0 3 2 1 1 7 2 4 1 2 2 1 1 2 3 4 4 4 5 11 5 2 1 9 32 36 37 5 2 4 5 14 8 9 4 4 16 8 0 5 10 3 2 4 9 12 7 3 8 5 2 1 0 0 0 8 2 4 0 1 0 13 12 2
17 30 13 14 24 20 40 32 12 5 1 10 14 4 2 14 2 1 7 0 4 4 12 11 35 77 20 19 6 9 2 3 1 4 8 3 1 0 9 1 4 0 4 0 2 1 5 3 2 4 16 5 0 12 5 4 14 15 30 0 0 1 7 12 5 4 6 9 13 15 0 19 18 1 0 14 1 7 4 5 4 11 2 0 3 4 3 1 0 1 12 5 1 2 3 4
31 30 16 27 15 10 15 51 35 16 6 2 16 6 7 15 14 17 9 6 14 5 6 5 5 18 36 17 0 1 15 20 10 2 8 6 2 3 5 4 1 0 0 2 1 1 4 7 2 4 11 4 18 3 1 15 14 9 6 6 2 0 0 10 14 9 7 5 8 11 1 22 13 0 1 4 1 0 2 12 5 3 0 1 4 1 4 1 0 0 6 12 8 4 0 3
30 33 11 25 26 31 23 18 25 13 28 31 8 28 17 25 28 21 18 11 0 0 6 11 1 1 15 42 7 0 8 9 4 15 2 8 4 4 2 2 0 1 0 0 2 4 7 7 6 1 4 3 3 2 2 8 5 8 4 2 1 1 5 2 4 5 6 4 1 1 1 7 3 0 2 1 3 16 24 14 0 0 1 5 7 1 10 2 0 7 0 4 3 36 63 38
30 21 12 18 16 9 0 6 20 13 53 39 21 15 10 21 30 9 5 8 4 3 1 3 2 9 9 27 20 7 20 8 10 12 18 12 18 5 1 2 0 0 0 4 1 5 13 2 7 3 6 0 3 7 4 8 9 3 13 7 6 10 4 7 0 4 2 10 3 3 8 2 2 15 4 2 0 0 8 2 2 0 6 3 4 3 1 1 0 1 0 5 70 73 85 12
24 8 21 3 12 12 4 2 10 17 33 17 5 23 26 29 15 4 9 28 4 2 1 4 0 4 5 3 11 24 31 5 13 9 6 11 5 9 6 7 12 2 0 7 3 1 9 5 3 3 4 4 8 2 0 4 0 1 12 12 10 5 18 3 5 1 6 1 5 5 16 4 0 0 1 2 1 0 0 4 9 8 0 6 1 0 0 2 6 4 0 2 65 57 17 5
58 23 16 28 9 9 3 11 10 9 4 20 8 7 7 7 11 7 6 10 5 2 5 22 0 7 3 5 5 10 7 16 35 13 5 38 11 7 4 3 20 15 3 3 0 5 1 3 9 7 6 4 5 3 0 3 0 6 7 9 9 5 4 8 6 7 4 0 2 2 7 12 0 1 2 3 7 7 12 10 2 3 7 0 3 0 0 0 0 3 0 0 13 15 74 17
41 59 2 8 2 10 4 4 2 10 5 1 6 4 4 5 5 3 15 7 0 1 1 0 7 4 2 4 1 7 13 21 6 18 9 12 2 12 19 6 3 5 5 12 1 2 2 0 9 3 2 0 0 3 5 5 3 19 31 5 14 3 0 10 0 11 2 13 4 1 3 1 2 3 2 4 12 10 3 9 0 4 4 1 1 1 0 1 0 0 1 4 7 5 3 8
24 33 17 5 3 12 0 2 10 1 4 1 9 0 1 12 9 0 6 5 1 1 4 3 9 3 0 0 1 5 2 16 8 7 21 17 8 1 4 2 6 1 6 1 3 1 2 3 1 1 7 0 4 9 8 8 9 10 16 5 4 4 3 0 2 1 0 6 10 16 0 0 2 6 2 4 1 3 0 7 4 1 5 0 1 0 0 0 9 3 3 6 2 1 1 3
8 13 5 2 3 5 4 6 11 7 1 10 0 2 9 13 5 16 9 0 5 0 4 3 13 2 2 3 4 0 0 2 16 6 11 0 7 5 4 10 3 9 6 11 11 1 5 2 3 7 0 1 2 6 0 5 6 3 14 6 6 15 7 2 0 0 4 1 4 7 7 0 0 0 1 2 6 1 0 2 0 0 1 7 0 3 1 1 6 5 3 3 2 4 0 1
3 21 6 1 3 3 2 7 5 6 11 7 9 4 3 5 6 2 8 6 13 1 1 9 3 1 2 12 3 5 2 5 3 1 7 2 3 3 8 5 2 13 2 1 3 11 3 1 1 2 8 5 4 16 1 9 4 6 14 6 1 25 2 5 2 0 0 0 15 10 13 7 8 3 8 2 1 2 8 6 6 4 3 5 7 10 3 7 5 0 3 5 0 0 0 0
6 1 8 4 5 1 5 38 25 24 14 9 13 13 6 18 7 12 7 2 3 2 1 6 9 3 3 4 0 11 3 3 0 2 4 9 0 6 10 3 2 0 6 12 12 7 1 9 1 5 4 0 0 4 8 7 5 6 4 0 3 9 1 0 2 5 21 4 10 4 2 4 2 1 0 0 1 0 2 3 2 2 3 0 5 1 1 6 0 0 0 4 1 5 1 0
5 12 1 8 2 8 6 12 0 2 1 5 3 0 1 14 7 4 2 9 1 0 7 1 4 2 3 6 0 2 4 1 2 0 10 16 3 7 11 9 0 0 1 4 2 6 5 2 1 4 10 1 2 6 5 7 3 5 1 10 4 0 5 0 5 1 0 0 0 5 0 0 2 1 2 0 1 2 0 1 1 6 3 3 1 0 0 0 3 0 3 5 0 2 5 9
2 3 5 1 4 1 5 8 1 5 5 8 2 4 4 6 6 0 5 14 1 0 3 4 4 3 0 4 5 7 11 3 2 4 1 0 2 0 1 2 1 1 2 1 4 3 6 5 7 11 8 4 9 9 6 3 1 7 10 4 17 3 4 0 3 1 1 3 0 1 4 5 13 6 0 2 1 6 6 4 4 5 4 0 0 0 0 2 1 1 25 2 0 6 0 0
5 4 7 7 5 1 4 10 1 8 2 4 1 3 4 3 2 8 5 4 3 0 2 11 4 1 0 3 12 1 1 5 3 10 0 0 0 0 4 4 4 12 14 8 5 1 2 3 15 8 2 9 20 10 11 3 1 2 3 2 7 3 3 2 6 0 6 4 6 6 9 5 1 0 2 2 8 3 4 3 3 4 3 0 3 9 0 0 0 0 15 10 0 2 9 0
3 9 1 8 7 5 3 4 7 1 0 3 1 4 14 4 0 7 3 0 1 1 1 0 0 0 4 6 8 6 5 5 1 1 3 0 0 1 3 5 3 3 3 1 1 0 2 17 8 4 1 1 1 0 9 3 2 7 2 7 4 9 4 1 16 6 0 0 0 2 1 1 0 4 4 7 4 1 2 8 0 0 1 3 2 0 0 0 3 3 4 2 3 15 3 3
3 15 4 4 7 14 7 1 10 5 11 11 8 5 8 2 6 2 0 10 0 2 1 3 1 0 0 0 17 1 2 10 0 0 22 2 5 3 1 7 9 5 7 9 7 6 5 1 10 7 5 5 5 0 12 3 2 8 12 6 12 6 3 6 4 5 0 0 7 0 4 0 1 0 17 7 3 3 4 8 4 6 2 2 0 6 8 3 4 4 7 0 1 4 3 7
6 1 6 9 3 9 3 8 4 5 5 10 10 10 4 7 0 1 5 1 2 2 2 8 0 1 5 12 13 7 6 2 1 0 1 4 0 0 4 3 1 3 0 3 8 4 4 1 11 16 5 0 0 5 8 10 6 15 3 9 4 2 3 0 2 11 16 0 2 4 0 0 0 0 8 3 4 12 16 2 3 0 1 1 0 0 4 0 1 2 2 4 3 2 17 7
6 3 2 11 15 0 9 11 4 0 5 3 2 2 4 5 7 15 1 1 4 3 6 3 7 1 3 11 16 7 4 1 7 19 2 9 1 0 8 5 5 11 3 4 4 1 5 3 8 0 4 12 2 9 2 10 2 7 14 20 3 5 5 0 4 5 11 2 1 1 0 1 3 2 11 8 11 7 9 3 1 0 3 1 5 2 1 8 7 4 0 2 6 4 0 5
17 2 1 7 9 5 1 3 4 2 3 1 6 5 5 9 1 3 1 7 5 5 10 6 11 8 3 13 5 2 2 7 5 15 5 10 1 7 7 12 15 9 1 1 1 9 6 2 3 1 0 1 9 7 14 7 1 5 10 8 1 11 7 0 6 3 1 0 6 0 0 3 10 16 10 4 5 21 9 1 1 0 1 2 4 2 21 1 11 31 0 0 1 4 7 3
8 9 3 11 5 0 2 4 2 4 1 2 5 1 9 4 1 1 9 5 0 9 1 4 1 3 5 5 5 15 6 3 7 6 13 12 4 2 1 10 13 0 9 4 2 5 0 0 3 1 9 0 4 14 11 9 3 5 0 7 1 8 1 16 6 11 2 2 0 0 0 4 7 7 8 3 2 8 4 4 0 12 9 20 4 6 2 1 0 1 0 1 1 2 7 0
2 3 5 5 2 3 3 7 4 7 2 1 3 0 0 2 0 5 5 1 1 10 7 12 8 14 17 12 11 31 22 13 5 15 14 6 10 2 2 7 11 13 15 14 0 6 6 5 3 8 15 2 1 0 4 6 11 1 0 3 2 4 4 1 7 10 17 8 1 1 4 1 3 8 4 12 9 14 0 2 2 1 0 3 2 13 0 2 5 1 0 4 1 0 0 5
1 3 14 11 2 2 8 5 0 1 1 1 2 3 0 2 1 5 6 5 3 9 2 20 23 12 20 15 18 28 17 5 1 4 11 26 3 3 9 10 7 9 17 20 15 0 0 7 5 9 7 6 9 3 0 8 7 8 5 10 20 16 19 4 6 0 1 5 0 17 3 6 7 0 3 0 1 0 1 3 2 4 3 4 0 0 1 4 4 0 1 7 0 7 5 4
1 11 3 14 9 6 2 5 1 0 0 1 0 4 0 2 1 2 2 9 7 9 23 11 21 18 10 18 8 18 29 18 15 10 13 10 6 11 6 19 8 11 9 6 4 1 5 0 1 4 4 0 5 7 1 2 4 2 8 5 13 38 24 5 0 0 0 0 1 1 10 5 3 0 0 0 7 3 7 6 2 3 8 5 2 8 7 0 1 5 4 4 6 3 1 8
4 0 1 4 9 10 2 1 3 1 0 1 2 2 1 7 5 11 3 9 4 1 19 19 7 21 27 17 26 36 11 12 35 11 18 29 14 11 9 13 18 8 7 5 6 8 3 8 8 9 3 1 3 0 12 13 10 11 11 10 26 31 8 8 4 0 0 10 30 34 12 35 7 1 11 10 4 5 2 6 14 6 6 16 5 0 1 0 0 7 2 3 3 3 2 8
0 3 10 9 14 4 9 12 1 3 2 6 4 9 0 5 4 1 4 4 2 1 2 8 4 32 11 8 18 16 20 18 32 27 16 20 17 13 13 16 15 10 14 12 4 7 11 5 3 3 1 0 6 5 12 9 14 5 1 18 17 7 3 11 20 10 0 19 2 12 0 6 0 2 21 1 15 5 11 9 15 2 3 2 0 7 8 1 7 0 0 0 0 3 4 1
4 0 0 4 0 2 2 5 1 11 12 2 1 10 4 0 3 3 1 4 2 10 23 25 16 10 12 19 19 17 13 14 6 24 11 3 25 19 18 14 24 21 21 17 19 5 1 3 5 4 1 3 7 11 14 3 10 9 9 6 1 10 4 8 6 1 0 10 3 5 2 1 3 0 3 8 4 0 8 3 0 0 1 0 5 3 5 2 3 6 4 3 3 3 9 3
2 1 5 11 6 9 2 0 1 7 0 1 5 2 1 6 7 2 5 3 8 7 27 18 23 21 26 18 16 21 18 19 9 9 16 7 7 17 22 20 20 16 13 5 17 21 22 4 13 4 0 2 9 6 2 1 2 3 10 15 1 0 4 1 0 16 2 10 10 0 1 1 2 5 3 1 8 0 1 3 2 1 0 1 7 4 0 3 1 12 1 1 8 1 13 8
6 6 1 1 12 0 11 13 16 2 7 2 1 0 1 6 0 0 15 14 14 20 5 9 19 10 29 13 21 31 48 34 10 12 24 8 13 29 17 10 14 11 5 3 2 8 30 5 15 10 6 9 3 11 1 11 9 3 8 11 0 10 9 6 7 0 2 4 4 1 4 2 0 10 1 0 5 9 3 5 1 6 4 3 3 10 5 15 11 0 1 8 5 0 4 11
0 0 8 4 7 0 6 12 8 3 0 2 5 6 3 0 0 3 8 5 13 20 20 12 5 14 11 6 23 20 9 19 8 9 25 13 9 12 11 9 21 3 12 23 10 12 12 13 8 15 23 12 4 9 10 16 5 14 15 9 2 1 10 14 5 10 1 3 2 3 5 0 2 2 4 2 5 1 15 6 0 3 1 1 10 2 4 1 4 1 4 0 12 6 8 0
0 0 6 6 2 11 5 8 1 3 6 2 10 6 0 4 10 6 11 8 2 19 20 25 17 12 25 21 3 8 7 9 19 15 13 15 6 15 9 7 18 16 11 5 0 9 31 44 0 2 4 6 2 0 11 22 5 4 9 15 4 15 29 14 13 7 8 4 0 4 3 5 1 8 2 10 2 3 4 0 0 0 4 0 3 2 0 2 8 0 0 1 28 11 0 0
3 1 1 6 7 12 6 7 10 2 1 3 0 0 0 5 2 6 3 1 1 5 1 12 7 7 11 47 9 21 19 25 8 23 35 3 20 5 5 27 7 10 0 1 2 11 19 13 0 8 5 10 5 6 13 13 15 11 22 18 2 19 21 5 7 4 0 6 6 4 0 4 12 10 2 4 0 3 4 0 8 7 11 0 0 0 11 13 1 9 12 18 6 8 0 2
1 6 1 2 1 11 12 7 6 1 4 5 2 3 0 0 6 3 7 0 0 2 6 19 7 1 16 36 11 19 8 15 7 28 20 11 7 8 18 17 12 24 0 0 8 1 10 12 4 10 20 5 18 16 29 10 8 9 19 16 27 9 13 13 24 12 0 14 0 1 1 7 10 6 0 1 0 1 0 6 1 6 0 1 6 1 9 6 0 9 14 7 12 10 1 0
8 2 5 1 3 4 5 1 17 10 2 2 6 20 6 21 0 5 7 5 1 2 0 2 41 20 4 9 13 23 17 0 14 2 8 21 9 9 14 3 8 14 21 3 0 11 7 7 11 11 6 2 7 23 3 5 15 20 21 13 24 18 11 24 10 10 4 3 5 1 7 5 19 1 6 6 2 0 0 1 4 1 2 2 11 0 3 22 9 5 2 13 16 7 0 2
3 6 2 1 1 1 0 8 1 0 2 3 1 18 6 9 1 2 1 8 6 1 5 20 22 18 10 3 5 27 3 7 5 45 13 11 7 12 13 9 15 19 23 11 5 12 11 8 27 20 4 11 18 15 24 17 7 7 28 33 29 16 27 30 16 13 15 3 1 1 9 7 9 8 13 6 1 13 10 4 1 1 1 3 0 0 1 7 2 13 7 8 3 3 11 3
0 0 0 0 1 4 0 3 3 2 6 0 10 10 10 15 5 5 6 3 0 1 12 23 13 4 20 9 9 23 12 22 7 14 14 17 7 13 2 6 7 9 20 4 3 11 13 12 20 10 17 22 31 12 29 7 15 57 35 30 31 38 30 12 17 4 3 3 1 12 13 12 14 3 12 5 0 3 8 17 7 11 5 8 0 1 0 0 3 1 17 4 0 9 7 6
0 0 0 3 5 1 0 1 0 3 9 2 6 1 5 4 17 11 3 1 2 0 24 12 11 13 8 17 13 8 19 10 4 11 18 18 23 20 5 7 25 9 21 7 5 14 17 17 7 11 19 19 29 19 13 21 17 31 11 13 12 19 19 9 8 2 1 0 2 0 10 4 9 2 5 7 0 5 2 9 2 1 10 8 8 0 8 2 0 4 13 12 3 10 1 4
0 1 0 1 5 0 0 0 0 6 1 2 6 1 2 0 0 3 0 4 11 13 9 6 16 7 8 10 10 18 15 7 6 23 5 10 14 13 11 4 14 8 19 13 12 11 16 17 22 4 16 3 47 32 18 19 13 14 4 14 10 23 7 11 8 12 7 5 0 0 1 3 3 4 4 9 3 12 8 10 3 0 7 10 10 11 2 6 4 4 5 1 5 1 0 0
0 0 0 0 8 2 1 0 5 4 2 5 3 4 7 8 5 6 1 1 5 15 9 3 12 16 1 7 11 13 24 11 4 15 6 12 13 10 14 16 18 19 12 10 19 12 9 11 4 8 13 19 12 30 16 42 13 14 6 9 8 7 14 5 1 5 31 1 10 12 1 3 12 3 2 27 6 3 11 3 25 9 3 2 1 8 2 10 8 9 9 7 16 3 0 0
6 5 0 0 2 2 5 10 11 0 1 12 0 0 2 0 4 3 7 1 3 3 8 16 14 12 24 7 0 28 29 7 9 12 6 13 15 17 7 3 5 9 1 12 16 16 5 17 24 13 12 9 13 6 16 13 7 5 19 27 18 18 15 13 7 4 3 7 7 7 3 6 13 12 13 8 14 11 5 19 11 5 8 1 0 1 1 5 3 10 0 1 0 5 3 2
3 0 0 0 1 7 0 7 2 0 2 0 0 3 0 4 0 8 1 0 5 16 9 15 10 11 31 19 25 11 1 14 2 20 15 10 11 11 4 12 1 10 3 20 25 24 13 20 21 13 9 6 8 3 11 6 4 6 8 17 16 2 4 5 0 20 5 1 1 1 1 16 37 4 6 10 2 20 1 21 7 11 11 1 0 3 0 0 0 6 0 9 0 0 9 9
0 0 2 0 5 0 7 0 0 0 0 0 2 7 3 7 2 1 0 0 15 0 9 5 7 17 12 22 17 8 3 9 3 13 6 18 17 1 6 11 4 3 17 21 18 27 8 10 17 9 5 2 28 13 5 15 5 0 12 16 9 18 19 8 0 2 4 9 7 12 3 7 9 16 4 9 4 7 1 4 0 0 15 1 0 0 0 0 0 3 5 9 3 0 4 9
0 1 1 2 1 8 9 4 7 0 1 6 6 11 2 0 4 1 0 0 12 13 10 4 16 9 19 22 22 6 12 1 8 9 6 9 15 4 10 11 11 7 33 21 23 15 7 7 18 23 11 14 18 14 13 10 15 27 20 29 10 20 30 12 12 12 7 8 14 8 3 0 2 8 11 6 1 10 1 0 0 0 3 0 0 1 0 1 1 7 4 11 5 0 1 0
0 0 4 4 2 0 1 2 2 3 5 6 11 6 2 0 1 8 3 4 12 13 25 5 3 5 17 16 17 10 7 8 3 10 11 17 11 7 5 6 6 11 32 21 2 9 14 5 6 7 22 9 19 4 19 8 8 12 26 14 14 22 14 14 13 2 4 1 3 0 11 8 3 6 0 6 2 0 7 0 0 0 12 7 6 3 1 7 1 3 0 4 8 1 3 0
5 0 2 4 0 7 5 2 1 0 0 0 5 0 0 0 0 8 3 1 0 2 4 11 4 0 6 2 16 18 10 0 1 6 4 2 11 6 7 7 19 20 17 1 7 4 16 16 18 13 7 19 20 14 10 11 15 11 11 15 7 28 15 11 4 19 4 9 30 5 2 13 21 7 1 18 17 2 4 6 1 0 0 5 6 2 3 0 1 1 0 3 4 5 9 1
5 1 0 1 0 0 5 1 2 4 0 0 4 7 1 1 0 1 9 8 9 7 6 25 5 7 14 6 19 19 26 24 3 23 9 18 5 12 10 13 12 7 14 17 4 7 19 15 40 21 20 28 27 6 7 7 1 5 7 12 11 7 3 1 1 22 10 9 2 11 5 5 10 7 5 6 6 0 2 26 3 0 0 0 5 4 13 3 1 2 3 4 2 2 5 6
11 6 3 0 0 0 0 0 0 0 5 0 0 0 5 0 1 1 2 7 4 17 13 19 22 9 11 12 3 4 10 4 24 9 19 12 8 3 15 5 14 3 17 7 14 13 12 15 1 10 10 22 13 8 10 4 7 7 4 1 1 13 3 4 4 13 22 12 11 12 3 7 16 6 10 4 3 3 3 5 0 3 1 0 3 3 4 1 2 5 0 7 1 10 11 3
10 11 7 3 0 0 0 0 1 5 2 0 3 0 8 4 4 6 8 13 10 24 9 20 16 24 8 11 11 3 13 5 12 4 13 5 6 15 17 28 16 8 13 18 10 2 9 0 0 4 4 2 34 1 2 20 18 4 5 12 8 9 4 15 19 8 23 6 24 12 1 3 17 6 0 2 4 4 5 12 1 8 2 2 4 2 5 14 3 1 2 6 0 1 3 11
4 11 0 0 1 0 3 0 0 0 2 1 0 4 1 2 2 5 4 8 5 9 29 11 5 11 4 5 8 2 3 10 2 2 0 4 9 5 13 0 2 1 22 2 2 4 0 0 0 0 0 0 3 0 1 19 6 7 0 9 12 0 1 2 5 5 9 21 4 8 0 12 13 15 2 0 2 3 3 15 12 3 0 5 12 3 6 8 5 3 2 14 17 3 2 0
1 1 6 6 2 7 2 9 0 8 0 2 10 1 0 0 3 8 10 18 24 11 1 3 5 3 1 16 9 12 5 8 9 1 7 2 6 3 13 3 0 10 7 9 2 0 0 0 0 0 0 0 0 0 0 0 0 0 6 6 10 10 5 7 0 4 10 4 3 6 8 0 8 20 2 4 3 0 0 0 0 0 8 6 4 3 2 0 2 0 5 11 5 1 4 1
2 0 0 0 0 0 2 3 0 0 2 10 5 11 1 2 0 7 4 9 5 15 9 1 1 15 13 13 7 13 9 16 7 6 5 8 0 6 4 7 6 8 0 0 0 0 0 0 0 0 0 0 0 0 0 0 0 0 0 2 8 4 0 13 5 7 0 3 3 5 16 2 1 11 11 17 5 7 22 4 0 0 6 4 1 3 3 1 1 2 0 1 1 3 2 4
0 3 8 5 0 3 0 0 4 0 0 1 3 2 0 2 3 9 1 0 6 27 9 14 2 5 14 5 10 17 22 24 12 7 11 0 0 0 0 0 0 0 0 0 0 0 0 0 0 0 0 0 0 0 0 0 0 0 0 0 0 3 9 6 1 3 1 3 5 5 14 16 2 10 0 12 16 7 6 4 9 0 12 6 0 1 1 1 0 3 5 4 4 11 9 1
1 1 5 1 0 0 0 4 0 0 4 5 0 2 0 7 15 6 9 8 4 17 10 9 0 2 8 13 4 2 2 2 0 0 1 0 0 0 0 0 0 0 0 0 0 0 0 0 0 0 0 0 0 0 0 0 0 0 0 0 0 0 0 2 4 28 3 14 5 15 12 13 6 8 3 0 1 2 3 0 6 2 0 1 0 6 11 4 4 1 11 12 8 4 10 9
5 2 0 1 0 0 0 0 0 0 3 1 1 4 0 5 12 6 10 23 13 4 13 3 0 0 0 0 0 0 0 0 0 0 0 0 0 0 0 0 0 0 0 0 0 0 0 0 0 0 0 0 0 0 0 0 0 0 0 0 0 0 0 0 1 4 1 36 11 2 13 31 20 17 18 1 20 3 3 1 11 9 0 0 2 7 21 10 1 1 19 6 2 8 2 1
1 4 1 1 2 0 0 0 0 0 0 0 6 5 1 2 6 8 12 24 3 0 1 0 0 0 0 0 0 0 0 0 0 0 0 0 0 0 0 0 0 0 0 0 0 0 0 0 0 0 0 0 0 0 0 0 0 0 0 0 0 0 0 0 0 0 0 8 20 4 6 6 7 4 13 28 13 12 12 5 24 5 8 5 12 17 11 4 4 5 3 3 0 3 0 0
0 5 1 2 1 0 0 1 0 0 0 0 6 0 5 2 15 11 9 7 0 0 0 0 0 0 0 0 0 0 0 0 0 0 0 0 0 0 0 0 0 0 0 0 0 0 0 0 0 0 0 0 0 0 0 0 0 0 0 0 0 0 0 0 0 0 0 0 1 11 20 7 4 1 2 0 0 9 4 5 11 13 25 24 25 11 31 5 0 2 2 4 18 25 0 3
