Data/Land Cover 1km/FME_656D6600_1589209169783_10689/temp/lcm2007_aggregate_classes_1km_gb_5.asc
ncols 700
nrows 1300
xllcorner 0
yllcorner 0
cellsize 1000
[rows 532 to 607 of 1300, columns 192 to 287 of 700]
25 55 44 23 59 58 67 78 90 14 11 0 0 0 6 26 80 45 75 35 12 16 33 17 4 36 19 52 53 0 48 49 41 100 96 70 72 43 38 38 90 86 56 59 53 19 0 11 2 0 0 0 0 26 56 21 86 16 2 0 4 9 7 0 0 0 20 77 72 31 36 52 35 9 0 13 4 7 4 0 0 0 3 0 0 60 55 12 0 0 2 2 0 10 20 5
21 25 71 60 82 81 43 75 96 42 15 0 0 2 0 52 78 63 53 28 4 62 36 15 0 57 2 14 19 0 30 0 65 100 73 70 65 76 75 77 71 57 51 23 3 29 21 32 0 0 0 0 4 56 81 98 31 0 0 24 48 56 14 0 0 7 2 0 0 4 26 43 67 22 13 0 0 1 36 11 9 4 50 5 0 13 57 16 12 1 2 11 6 2 8 12
73 28 36 74 74 45 51 65 60 4 0 0 0 7 30 95 32 22 10 1 5 3 1 1 0 8 17 0 0 0 0 24 99 42 60 94 41 96 93 51 0 33 40 90 18 5 51 68 3 0 2 9 15 24 78 83 4 0 38 16 74 66 31 0 0 0 0 2 5 39 40 64 64 31 9 1 0 1 0 21 42 29 3 6 7 1 22 66 31 36 29 32 22 2 2 15
27 60 9 4 66 95 90 67 29 0 0 0 11 36 2 31 44 89 72 71 87 72 56 34 0 1 38 48 35 56 61 58 46 23 72 97 84 95 21 0 0 0 3 51 59 4 11 65 56 10 28 22 0 22 82 65 0 0 39 43 5 27 17 39 40 31 59 26 36 45 34 68 85 26 11 12 7 8 0 3 17 65 46 25 33 11 23 63 47 18 33 13 39 16 21 15
38 54 12 14 14 64 29 3 10 1 10 28 10 10 0 3 37 77 6 23 8 25 14 37 49 54 63 89 70 53 16 57 76 16 90 100 98 27 4 29 13 0 33 74 55 0 0 8 70 45 15 62 3 1 59 41 18 0 5 10 42 7 60 51 8 50 48 2 5 10 41 75 33 18 21 0 0 3 1 26 0 17 5 5 6 16 31 1 0 0 0 14 19 55 42 52
27 27 78 51 39 22 1 8 0 1 8 16 9 16 8 0 19 73 47 0 16 42 20 32 26 38 31 22 2 64 92 99 100 100 90 100 90 89 48 57 70 46 68 70 31 1 19 10 4 38 23 50 13 50 32 0 11 13 11 55 85 52 100 3 0 43 74 41 3 6 71 43 14 34 20 0 0 0 7 22 1 20 6 7 8 0 0 0 0 0 13 29 4 26 18 57
41 35 56 74 32 0 0 0 0 1 2 2 8 7 49 83 61 28 76 40 49 23 18 10 5 0 25 7 17 89 100 100 100 99 93 75 75 100 100 88 91 82 72 45 67 29 8 3 0 0 42 72 48 43 10 20 64 61 13 91 97 64 53 82 27 11 35 55 15 29 88 22 15 10 0 0 0 2 24 62 24 13 1 19 0 0 0 0 0 0 2 5 5 23 5 22
32 79 56 17 1 0 0 0 0 0 0 0 0 18 18 20 1 13 6 3 0 5 49 42 13 7 33 32 19 25 40 69 55 16 8 5 1 30 56 27 10 0 0 0 0 2 30 48 32 2 11 13 40 34 1 1 62 95 17 96 69 66 19 4 1 9 15 22 34 35 15 47 14 1 1 0 5 3 10 11 13 30 36 15 1 0 0 0 16 27 33 47 18 9 9 22
22 64 27 0 0 0 0 0 0 0 0 3 3 6 1 0 1 0 1 19 3 3 5 28 62 81 83 29 44 26 80 62 5 34 89 24 0 0 15 16 0 6 5 0 0 11 45 16 30 25 66 53 58 23 18 1 64 97 34 85 30 85 16 0 0 1 27 5 19 37 29 22 9 13 43 49 35 69 38 17 0 0 43 12 11 21 4 2 8 3 2 8 5 17 10 21
51 44 18 0 0 0 0 0 0 28 44 32 7 1 0 0 13 5 16 28 20 1 0 3 9 3 27 3 35 47 55 11 40 38 72 97 50 60 78 28 0 19 22 0 0 27 23 2 63 48 52 38 58 97 92 12 13 38 44 34 30 44 11 3 4 9 10 1 0 0 0 0 0 4 10 26 9 1 7 18 3 5 18 0 3 2 5 10 11 13 17 32 8 0 0 1
44 19 0 0 0 0 5 1 3 50 64 40 3 37 4 3 2 15 0 30 32 52 83 48 35 13 7 43 55 95 39 25 9 40 8 58 22 66 78 21 0 42 7 14 10 6 10 37 30 7 11 33 14 36 64 54 12 18 14 8 13 0 1 3 4 0 0 0 0 2 0 0 17 19 46 28 13 8 21 38 13 0 3 0 1 15 5 15 3 1 43 6 0 3 0 0
16 0 0 0 0 6 16 41 11 42 15 13 4 6 2 24 2 47 14 28 38 52 15 19 67 75 75 73 70 89 48 43 25 66 88 84 69 95 50 24 30 50 5 21 6 0 13 7 0 1 10 6 5 25 43 63 55 58 40 63 62 44 8 31 0 0 0 6 0 5 0 10 24 2 15 25 0 18 1 16 26 4 19 25 37 52 0 0 2 8 6 1 0 0 0 0
0 0 0 0 0 11 5 16 20 51 6 6 5 16 37 32 3 47 79 60 61 2 0 11 41 32 69 12 59 65 16 44 56 99 66 35 69 86 39 88 61 27 48 69 10 18 18 0 3 7 33 0 5 24 7 7 35 54 37 14 2 1 31 20 0 0 0 5 3 1 0 0 0 0 6 17 2 7 11 17 25 12 12 20 5 1 0 0 2 0 0 0 0 0 0 0
0 0 0 3 0 6 11 1 0 2 42 39 6 32 45 5 36 82 80 19 68 13 0 11 8 63 15 34 81 4 14 30 0 19 3 0 0 1 0 24 61 68 61 25 29 24 6 0 10 43 5 2 5 10 1 0 10 14 30 7 43 16 0 4 0 0 0 0 4 0 9 0 0 1 2 2 0 0 0 0 0 0 29 7 0 18 3 0 0 1 0 0 0 0 0 5
0 0 0 0 1 17 5 3 18 15 1 0 49 67 11 5 33 38 36 61 68 33 29 0 32 37 28 44 15 11 50 92 58 24 18 0 0 6 4 0 0 0 1 0 0 0 1 0 26 30 9 3 3 0 1 7 1 1 21 42 56 11 1 0 0 18 29 0 6 0 9 0 0 1 2 0 0 7 1 0 2 3 0 0 25 53 0 0 7 9 0 0 0 0 7 25
0 0 0 9 5 0 7 18 39 72 6 19 42 11 0 48 68 50 38 2 33 32 79 39 43 87 30 15 44 92 98 60 65 35 18 19 0 26 19 3 0 0 3 0 0 0 0 2 13 27 6 8 0 2 1 0 13 2 20 32 12 6 0 0 1 2 2 0 0 1 3 0 0 0 0 0 0 1 7 0 8 4 0 4 64 48 4 3 2 20 8 0 2 0 35 26
0 0 22 26 1 0 9 1 2 34 39 50 33 6 6 1 12 54 16 8 67 79 25 43 65 88 84 69 89 97 70 36 12 4 21 78 5 74 27 13 0 0 4 1 0 38 39 19 0 3 4 0 0 22 1 0 32 13 1 13 9 0 0 5 3 0 0 0 9 0 0 0 0 0 0 0 0 0 0 0 0 15 5 29 65 9 6 2 16 16 17 0 12 43 13 30
0 2 14 39 58 11 2 29 59 47 91 64 22 74 89 21 2 12 51 87 65 93 92 19 46 31 34 72 61 12 38 8 0 0 15 92 67 94 38 0 0 0 1 14 14 56 81 6 2 5 6 0 19 1 3 0 12 1 0 0 0 0 1 0 0 0 5 3 0 3 0 0 0 8 5 0 0 0 0 0 0 33 21 57 51 57 8 0 16 61 34 7 4 12 12 14
3 5 21 39 34 73 95 81 90 96 74 0 1 76 41 19 40 32 33 97 81 21 60 41 28 19 86 98 54 58 28 0 0 12 45 48 29 25 0 0 8 8 6 11 1 28 56 21 3 3 0 38 36 2 0 0 0 0 0 0 0 0 0 0 0 2 13 5 2 55 26 0 1 45 49 11 0 0 0 14 53 83 9 23 32 40 48 0 12 37 7 5 4 2 1 14
0 0 14 8 57 92 80 85 96 89 16 5 22 94 60 44 75 95 98 46 4 45 12 62 19 31 90 63 88 20 39 23 25 80 44 10 6 7 0 0 39 62 2 0 44 97 62 47 31 10 27 48 15 0 0 0 0 1 0 0 0 0 0 0 1 8 14 13 18 57 84 52 31 10 33 28 2 9 0 23 9 65 59 27 13 18 3 4 5 3 3 1 5 8 2 1
0 6 40 35 19 63 36 62 96 25 32 26 48 23 28 78 98 68 36 3 3 6 66 79 93 89 65 8 81 66 7 47 76 16 0 54 44 78 41 11 60 82 14 41 85 69 73 40 88 15 1 4 0 0 0 1 45 55 34 37 36 29 4 14 10 15 25 46 58 50 45 48 18 5 27 53 48 24 3 8 2 24 15 0 0 1 7 2 3 22 5 19 49 14 3 15
0 7 32 29 48 31 60 71 59 3 70 85 70 0 62 91 10 54 2 3 7 37 53 24 45 68 47 13 11 14 18 0 30 31 23 82 46 88 52 62 97 50 58 54 21 44 63 93 44 0 0 3 34 57 40 68 38 33 36 84 67 75 59 18 46 58 24 34 77 95 87 77 69 48 13 18 43 53 43 4 15 9 2 0 1 1 3 16 5 18 6 70 37 3 0 0
5 39 22 39 9 14 21 20 9 50 67 33 25 53 81 70 64 13 65 9 13 48 91 5 16 44 16 64 55 2 0 0 12 10 12 97 65 19 63 69 58 74 68 89 61 5 64 89 4 0 0 0 12 49 59 54 20 1 30 25 27 30 40 17 18 8 10 81 96 55 98 3 10 14 16 0 3 38 12 9 3 1 4 0 2 15 8 25 0 0 0 22 6 0 0 0
7 12 14 4 4 3 10 1 1 59 91 44 42 98 85 30 30 24 46 14 5 17 62 1 0 1 19 36 99 65 66 15 70 71 82 32 37 45 38 47 64 89 88 42 0 0 51 95 4 5 0 0 8 8 25 0 0 0 8 69 82 67 39 34 68 49 19 58 32 14 95 7 0 0 0 0 3 43 50 15 11 1 0 0 4 38 36 52 3 0 4 0 0 0 0 0
11 0 17 0 0 0 3 11 41 25 23 60 94 75 91 47 8 87 27 27 0 39 19 0 0 23 64 90 90 63 83 100 97 90 28 33 6 2 3 66 54 83 6 0 4 9 96 100 19 42 65 1 0 55 50 0 0 1 18 43 69 95 62 35 90 75 8 61 38 28 73 0 0 0 0 0 22 30 11 0 0 0 1 2 6 44 0 6 1 0 2 0 0 0 0 0
5 2 0 0 1 0 0 3 67 0 0 54 93 66 88 85 81 45 30 17 0 5 10 42 65 71 98 100 35 84 43 34 19 3 10 21 12 0 16 1 51 47 6 2 71 99 98 83 68 72 88 66 55 87 94 28 58 76 89 86 89 46 3 28 91 53 82 36 16 0 3 0 0 0 34 95 94 12 0 0 0 5 26 34 39 30 29 16 2 0 15 2 0 0 0 0
0 0 0 0 1 0 50 45 29 48 56 94 100 100 70 94 62 11 15 30 2 26 35 44 45 59 83 64 47 50 68 29 22 16 36 30 6 8 67 77 22 32 0 5 0 19 17 72 27 40 51 56 64 41 56 65 76 84 84 81 29 50 0 3 16 83 73 33 0 0 0 0 0 1 77 86 25 9 0 3 9 20 59 23 29 2 28 0 3 0 1 4 11 3 0 0
10 7 2 0 0 14 97 55 17 76 71 94 95 83 11 30 5 59 74 42 35 56 6 17 60 53 15 74 77 56 94 82 60 18 52 18 26 7 24 70 2 2 45 68 26 29 64 39 57 63 40 54 98 73 51 91 73 52 25 4 6 15 31 47 4 48 24 34 20 0 0 0 4 63 100 26 4 0 0 10 2 21 1 53 78 17 0 1 37 64 58 55 62 16 0 0
38 0 0 0 0 16 96 68 85 94 73 85 81 11 47 3 16 54 43 34 52 35 4 41 95 93 62 85 45 82 53 100 29 51 76 52 7 20 66 77 1 1 80 88 93 88 41 88 36 0 0 20 96 19 18 80 1 0 0 0 4 44 94 47 9 0 0 16 30 6 1 7 73 96 81 9 3 0 0 43 92 60 13 96 35 23 29 18 55 5 34 71 69 70 8 0
1 2 30 84 40 10 77 97 100 98 100 86 73 3 1 1 34 85 93 51 32 53 84 91 81 83 73 99 100 91 94 61 51 40 66 26 14 16 83 68 0 12 82 81 34 92 68 61 58 0 0 1 40 64 6 47 8 9 17 7 47 81 87 4 0 0 0 35 74 93 79 90 98 95 30 2 0 3 34 72 90 61 8 45 0 12 27 28 41 5 23 13 32 18 28 0
4 25 73 63 92 85 86 84 89 83 74 98 76 19 2 52 62 92 98 77 81 96 79 94 63 88 86 96 98 61 96 92 53 4 37 11 39 63 62 91 8 70 85 61 94 100 22 11 21 0 11 6 4 97 89 88 99 100 97 81 99 98 78 16 5 16 5 41 29 97 81 95 57 21 0 0 9 22 94 92 89 42 0 4 0 0 0 0 0 4 3 5 5 41 7 41
3 24 13 52 93 76 61 79 100 54 43 69 54 0 17 87 91 68 61 46 71 80 87 92 41 56 83 87 73 75 17 22 32 36 6 12 81 98 22 68 76 67 43 70 99 82 1 0 0 1 71 64 57 98 90 93 76 84 63 68 79 40 54 31 38 63 55 87 41 39 23 34 5 0 0 0 14 99 57 96 20 62 0 0 0 0 0 0 2 0 0 0 3 43 68 33
3 0 0 3 23 52 31 41 83 86 81 79 8 31 46 57 91 93 55 81 58 69 87 79 56 32 48 57 2 10 32 20 6 0 9 10 56 44 44 24 46 63 91 91 74 51 0 1 12 74 100 94 96 91 91 78 89 84 80 72 74 4 10 51 88 33 21 18 1 1 0 0 0 5 1 2 77 100 47 98 32 79 22 0 0 0 2 0 51 16 0 21 39 68 100 75
7 13 0 0 2 0 0 1 51 99 81 48 3 25 97 98 78 81 100 82 96 97 80 52 67 34 11 10 23 71 44 17 21 36 38 59 52 65 63 31 68 58 79 100 34 0 0 22 94 97 86 98 91 99 95 70 86 42 79 67 87 36 1 0 15 11 1 3 2 0 5 8 43 31 43 61 99 68 14 13 10 62 78 20 9 23 31 8 14 78 41 3 0 19 78 41
20 3 11 10 22 12 4 0 16 26 13 0 41 82 85 100 88 30 44 63 88 33 4 70 25 91 52 64 80 10 4 1 0 81 77 63 24 62 21 70 91 32 60 52 37 28 24 89 100 90 44 12 12 63 15 3 10 3 12 61 63 21 0 0 8 4 0 0 0 12 57 80 100 92 99 100 100 56 0 0 10 54 24 90 63 85 92 81 86 76 63 3 1 0 5 9
17 11 9 7 0 40 12 16 0 12 21 8 67 75 73 97 98 88 22 9 23 0 32 89 88 42 33 39 49 8 10 0 0 54 27 4 22 38 33 50 47 92 82 48 68 60 17 28 86 90 35 0 0 1 0 2 18 0 12 93 65 59 77 65 15 3 0 0 0 55 97 47 62 78 80 43 46 54 0 0 5 13 23 39 77 60 60 79 64 64 79 83 33 25 28 3
11 21 32 3 4 8 18 9 3 5 10 5 35 0 42 51 25 7 28 48 71 28 40 80 32 35 64 30 86 30 71 15 18 43 54 48 16 16 7 12 16 41 93 90 93 55 0 50 74 59 15 7 39 52 1 69 93 55 79 100 82 99 100 58 7 0 0 0 33 12 41 60 65 18 30 24 8 11 15 18 0 0 0 9 1 0 12 4 12 1 45 58 90 92 81 52
21 34 82 19 5 2 12 20 33 13 11 4 36 0 0 7 0 0 44 74 98 92 60 26 28 41 90 98 78 77 34 31 28 2 10 47 43 37 50 31 22 22 55 98 96 16 15 83 60 6 0 52 100 72 48 64 76 100 100 91 86 70 35 14 1 0 0 8 16 55 26 63 96 84 4 0 11 28 43 75 43 1 5 31 0 0 22 31 1 0 27 51 35 56 19 77
19 79 25 8 0 11 23 26 15 0 3 19 58 85 4 34 90 16 64 87 85 23 12 9 28 88 92 93 96 65 58 72 34 22 68 20 13 24 30 8 2 19 89 90 100 55 91 54 92 85 79 99 83 72 75 72 79 100 75 34 30 37 2 9 5 18 7 6 12 41 52 40 91 75 1 0 0 8 0 3 58 63 33 23 3 0 12 55 22 0 0 0 1 11 67 76
6 9 1 6 8 2 25 15 22 1 0 19 26 63 34 80 40 16 18 74 49 13 13 30 56 68 78 71 20 19 96 71 42 77 51 13 25 79 77 52 22 55 54 46 90 86 71 58 62 58 71 87 80 84 67 56 77 69 42 71 71 32 1 14 8 1 0 0 33 89 96 67 55 89 37 7 12 2 26 14 58 92 52 0 0 0 0 27 21 0 6 32 46 52 82 99
20 12 30 20 67 18 41 39 18 11 1 3 49 50 44 73 87 94 98 68 13 8 9 18 14 20 17 7 10 2 9 15 0 50 61 97 82 94 66 64 18 81 100 51 32 77 16 41 30 56 45 31 36 56 60 96 91 98 92 89 100 92 4 7 23 0 7 0 25 96 96 100 44 71 91 51 15 2 14 5 12 31 26 20 19 0 0 7 35 1 38 39 50 9 72 64
41 13 20 40 9 75 95 91 72 18 17 13 72 98 87 19 20 59 68 16 0 0 4 1 10 33 32 13 2 9 13 45 33 46 2 48 77 60 4 20 16 37 42 37 0 22 44 86 53 53 46 33 58 13 13 16 43 99 85 81 72 74 17 0 14 59 30 12 63 90 87 97 44 18 99 49 31 4 0 0 0 0 32 73 18 46 35 32 35 43 21 2 9 13 28 66
22 34 40 88 24 78 70 14 62 30 6 7 19 33 73 45 16 0 0 0 28 23 6 44 93 88 45 15 11 7 9 54 6 5 10 52 14 0 0 34 1 40 67 5 4 12 23 65 25 68 71 23 14 39 5 42 73 97 51 64 6 16 0 3 14 41 88 78 88 69 97 99 95 71 88 83 56 32 22 2 0 0 7 28 27 47 78 98 21 10 24 17 31 18 48 9
35 68 83 100 90 33 15 0 15 17 44 12 59 4 1 22 6 0 3 5 36 11 15 28 98 95 62 13 71 33 40 54 88 54 38 17 0 4 17 92 54 95 87 23 74 72 21 53 76 50 24 0 9 49 20 16 48 78 77 53 30 0 2 26 85 61 40 49 54 20 50 22 15 11 28 3 0 29 25 0 0 0 0 3 41 68 34 39 35 8 0 1 0 2 6 2
63 84 47 63 85 82 51 3 0 22 67 75 82 12 16 7 1 1 6 55 79 14 0 0 81 92 77 82 70 43 70 10 50 71 23 28 17 19 45 98 100 100 99 100 65 12 27 23 13 69 47 0 12 18 6 37 34 5 60 26 28 23 1 24 95 98 41 8 0 1 0 0 5 9 13 20 39 27 20 5 0 2 3 3 7 57 46 12 2 11 23 3 0 3 15 13
69 34 26 63 73 93 97 49 17 10 61 38 25 3 18 10 3 3 16 26 24 75 38 74 91 99 92 93 100 90 100 92 100 90 62 48 55 41 61 98 100 100 99 76 96 96 95 51 19 33 46 0 0 0 23 27 24 20 34 55 25 18 8 57 71 36 12 56 38 22 52 31 38 41 32 5 42 9 6 3 0 3 3 0 0 0 2 9 2 1 0 0 0 0 2 0
13 51 13 13 76 89 89 89 7 54 40 1 3 6 5 27 46 57 1 15 39 95 93 100 92 84 76 95 100 97 96 97 99 100 98 95 76 83 72 84 100 99 81 96 100 93 99 47 3 11 77 15 0 23 34 15 21 29 46 87 40 10 78 37 21 31 6 13 54 0 85 82 32 17 32 18 26 53 10 5 0 0 10 7 0 0 1 0 3 1 0 1 0 1 0 0
8 10 6 46 76 95 97 96 42 34 8 9 25 9 17 18 20 25 37 70 98 98 98 92 62 56 74 80 93 43 25 87 98 100 63 58 49 30 85 75 57 76 91 100 99 54 84 86 4 12 94 66 1 91 81 26 54 61 36 25 22 25 36 29 30 11 26 20 65 7 45 40 17 52 64 73 80 29 29 0 0 16 15 15 1 0 0 0 4 10 3 0 1 6 13 3
26 65 49 32 41 38 73 63 22 44 2 40 78 53 0 0 1 2 58 56 91 98 100 77 55 64 53 14 8 0 64 97 57 43 34 14 10 18 85 34 17 36 45 91 82 2 45 51 70 1 77 90 53 96 65 21 10 1 7 32 22 9 4 10 12 26 7 14 41 17 16 25 0 3 79 92 65 68 14 12 0 43 63 30 4 9 7 11 1 0 0 13 13 11 4 4
37 23 22 3 1 5 9 14 5 26 73 95 92 35 1 11 12 14 61 90 79 93 98 86 26 30 56 1 0 30 89 72 27 69 65 73 86 80 47 0 16 44 62 43 26 24 1 0 66 47 97 90 54 24 30 35 59 62 88 82 41 15 32 2 1 7 30 7 35 4 11 19 42 8 29 91 35 60 2 4 0 13 28 13 28 26 54 10 0 0 1 12 2 14 23 2
29 29 19 19 5 4 0 31 10 30 50 67 38 62 96 97 87 94 72 59 92 95 94 33 44 67 28 54 61 70 73 31 31 37 92 50 35 35 11 9 5 86 73 55 13 75 40 72 98 96 93 33 50 4 38 24 89 99 96 91 92 53 34 13 13 12 30 3 31 0 48 80 73 49 7 82 77 26 0 13 24 20 38 83 28 6 3 9 8 35 6 1 10 6 13 0
7 7 39 22 1 0 1 10 0 28 3 27 41 73 88 99 88 32 2 58 98 88 37 14 10 8 33 53 52 92 67 60 92 87 96 77 83 32 49 7 22 57 41 86 88 74 63 79 70 71 73 31 36 18 34 11 41 87 95 91 100 88 46 12 5 4 36 21 30 27 9 54 85 71 27 67 63 20 13 38 81 4 80 40 15 2 0 1 1 38 10 3 24 5 2 16
1 15 13 0 0 0 0 3 13 36 49 66 96 86 80 86 62 4 1 81 99 54 5 0 7 38 34 36 61 89 64 82 97 72 78 83 54 81 56 3 13 39 60 86 88 38 44 54 80 51 3 21 55 6 19 32 97 98 98 100 100 92 9 15 3 17 15 31 29 92 90 69 89 61 57 50 19 13 1 11 11 0 6 5 0 0 5 0 2 68 19 10 10 13 0 14
18 9 0 3 0 3 0 2 36 60 0 17 51 51 98 66 19 18 72 90 64 4 0 1 18 83 100 97 18 67 89 32 33 16 34 20 87 91 73 4 2 17 67 59 71 81 90 64 56 96 70 50 70 55 48 4 30 53 89 96 78 32 7 5 8 9 21 81 26 24 92 91 72 60 93 43 2 0 0 0 38 9 2 2 0 1 32 7 15 23 4 36 1 12 9 3
5 3 4 13 0 1 0 5 7 27 24 0 34 98 89 40 2 1 61 98 27 0 0 0 5 52 93 40 43 92 75 100 91 42 22 35 70 18 48 26 1 4 34 11 23 46 38 73 91 100 98 91 92 75 67 28 57 76 18 98 78 0 13 13 13 2 1 45 37 50 96 80 81 95 54 36 19 13 0 3 62 13 4 6 5 0 13 11 0 5 0 6 10 9 3 6
54 19 9 1 5 0 22 16 7 55 60 29 79 65 11 1 4 34 97 54 4 0 0 0 0 37 28 29 96 85 11 68 97 99 86 69 66 7 6 56 33 14 39 43 71 58 37 20 77 100 92 80 80 100 100 60 83 91 17 94 55 58 77 28 22 15 0 11 3 12 55 90 85 78 99 91 9 12 2 2 11 3 0 0 0 8 24 18 49 11 0 0 0 1 1 2
8 0 0 1 5 26 64 33 43 85 83 57 55 9 1 24 4 38 92 17 6 2 2 5 11 25 7 80 99 51 44 25 83 88 90 26 32 46 7 78 50 18 69 82 95 50 28 14 2 64 65 93 61 78 56 93 100 99 84 96 89 95 92 42 4 4 0 15 56 68 96 98 91 98 62 75 53 46 8 0 0 2 0 0 0 0 0 3 53 21 5 2 1 1 8 4
3 0 0 3 0 2 10 22 98 62 61 71 97 95 89 31 7 2 13 2 15 24 7 0 0 1 42 90 69 54 43 80 93 59 83 8 18 70 60 76 17 23 76 96 100 99 88 69 4 1 22 31 36 19 13 28 90 74 40 39 48 97 56 11 27 11 23 9 23 88 55 91 90 92 94 11 31 34 0 0 0 3 27 3 5 16 0 21 2 0 3 14 16 15 14 10
0 0 0 0 1 0 0 6 63 57 43 49 35 89 91 0 3 2 0 0 3 0 0 0 7 4 67 35 45 50 58 51 94 5 60 29 54 41 63 30 1 4 24 61 57 62 55 11 0 8 0 0 11 11 0 0 16 16 15 30 22 51 6 28 0 19 9 15 73 47 63 70 54 99 96 89 97 71 9 5 4 66 44 23 11 41 9 0 0 13 11 6 30 20 12 7
0 0 1 0 1 0 21 80 99 77 11 3 2 29 18 0 0 0 0 0 0 3 1 12 1 33 91 60 87 54 38 80 65 2 33 47 52 37 23 1 0 1 21 48 49 26 21 5 15 20 18 24 34 18 21 31 6 3 1 6 0 9 7 6 40 62 3 4 5 5 22 35 27 37 49 96 100 91 92 48 55 48 6 79 12 8 0 4 2 1 8 2 17 14 14 4
0 0 0 20 5 0 17 78 70 4 4 9 1 16 2 0 0 0 0 0 1 24 46 24 11 33 37 63 78 19 77 79 27 23 46 39 26 47 12 2 0 0 33 33 59 44 10 3 8 9 3 2 78 12 1 9 13 4 0 1 0 15 25 35 15 86 49 20 30 12 5 3 13 7 44 39 82 64 65 80 86 63 58 35 55 0 12 0 6 1 16 18 3 11 8 1
0 0 0 16 0 2 0 46 27 3 4 2 11 2 0 4 0 0 0 3 0 39 59 16 40 7 33 35 10 17 38 37 85 56 4 9 79 40 23 12 0 0 24 27 14 52 71 19 7 13 5 0 7 3 19 2 5 3 10 4 7 15 23 59 22 56 63 15 17 1 13 16 8 11 12 30 47 3 3 35 40 84 63 47 23 1 0 8 5 25 11 8 0 1 4 2
0 0 0 0 0 0 0 2 3 11 71 38 8 5 3 3 0 0 17 12 2 37 21 30 30 57 24 9 68 59 67 30 24 58 48 92 75 19 11 7 0 0 21 14 44 57 77 62 13 2 5 1 4 1 13 24 11 3 8 3 9 16 10 1 0 2 7 5 18 2 11 14 9 7 31 21 37 12 36 17 21 62 42 1 0 5 12 16 22 13 12 15 0 16 1 4
6 12 25 21 28 0 2 7 69 43 20 4 0 31 0 0 0 5 14 55 26 29 1 19 66 38 17 24 81 34 19 53 20 29 31 65 8 10 14 30 1 0 21 15 49 36 57 60 41 2 0 12 6 0 15 1 12 6 10 9 8 1 0 10 6 6 0 4 21 1 1 6 7 14 29 16 25 40 27 27 22 39 29 5 21 30 13 6 8 20 21 38 50 95 20 0
70 6 25 62 20 0 27 24 43 5 4 9 0 6 0 0 0 21 79 80 9 1 32 32 79 48 32 12 47 56 75 71 67 57 11 1 3 10 82 38 2 0 20 11 16 42 23 27 10 6 0 2 1 3 2 3 21 1 1 3 12 6 2 11 8 6 28 5 32 20 0 3 12 41 29 8 5 10 11 10 6 5 2 1 6 23 12 4 21 6 49 63 22 81 17 2
37 1 22 66 24 58 29 2 5 35 26 11 1 0 0 0 1 63 76 60 2 30 14 27 73 36 3 0 39 50 14 73 57 28 1 1 60 31 47 42 16 0 19 33 17 5 14 41 18 3 5 25 12 13 21 20 36 16 4 7 4 5 12 0 1 42 69 59 75 61 17 36 39 59 19 11 7 5 6 0 10 7 3 0 6 4 10 6 1 2 46 60 55 76 95 20
8 2 35 57 45 33 0 23 3 8 2 5 0 2 0 0 2 4 77 10 10 27 17 23 68 21 30 21 25 2 38 24 8 0 0 9 41 48 90 57 28 0 0 34 62 20 11 7 1 9 9 4 7 4 0 2 7 3 18 14 10 19 16 5 56 77 66 84 75 60 21 1 0 2 7 14 0 11 0 5 0 0 1 1 2 0 0 0 11 40 73 80 96 98 80 76
77 53 74 33 33 68 28 69 66 33 2 2 1 0 0 1 8 38 11 1 10 64 25 22 27 22 58 2 8 26 58 13 35 1 0 18 64 53 93 85 57 25 0 1 71 72 21 7 3 6 0 6 6 14 8 0 3 5 6 37 57 76 57 48 45 2 2 45 32 27 8 8 2 7 2 4 18 14 3 2 2 1 0 0 4 2 3 14 26 64 60 61 56 79 76 99
60 8 73 79 92 96 65 78 12 0 0 0 0 0 0 3 11 38 6 16 28 47 46 36 28 7 36 9 4 15 39 45 16 0 4 21 55 89 93 78 49 1 0 1 33 51 10 0 0 3 3 2 9 4 13 3 4 3 0 0 7 65 90 90 71 10 31 60 15 23 8 0 34 41 18 27 20 0 10 3 13 4 1 2 0 15 0 1 7 40 69 56 63 78 100 99
18 55 97 92 92 65 45 24 0 0 2 4 9 12 0 1 6 9 21 2 23 49 39 15 6 45 57 0 0 5 13 12 0 0 15 32 66 80 56 45 60 53 3 0 6 10 47 2 21 2 10 11 10 6 15 19 0 1 2 4 3 24 36 57 96 33 19 14 27 41 4 0 8 12 30 25 0 8 6 4 0 11 0 1 5 14 4 1 4 60 65 49 65 64 94 95
1 20 94 68 24 9 14 0 0 6 51 51 1 25 9 19 6 5 8 7 7 39 25 21 49 10 26 16 0 3 8 23 0 1 18 34 87 56 74 47 47 32 11 0 6 12 62 1 1 15 7 1 2 5 8 10 0 9 66 58 40 57 13 0 20 17 22 20 2 48 11 68 61 48 38 36 1 11 1 0 0 0 0 0 7 1 3 0 7 20 52 69 47 51 57 50
3 21 46 8 4 18 1 0 1 25 50 20 0 19 36 34 5 1 4 4 5 4 30 59 49 15 22 1 0 2 10 19 0 0 5 89 62 80 97 87 60 27 0 0 0 3 36 23 0 4 0 1 5 0 6 15 8 38 86 93 72 84 77 10 0 0 17 0 0 19 10 17 21 41 77 17 33 12 33 0 0 0 0 0 0 6 7 0 0 2 4 13 5 8 17 7
19 19 21 3 10 5 0 0 1 3 2 2 4 18 52 90 3 5 2 1 12 3 8 53 37 25 60 0 2 10 0 0 1 16 58 90 94 82 43 83 75 39 6 0 0 0 0 27 7 0 7 7 0 1 23 43 34 49 70 84 74 92 22 0 0 0 2 3 0 0 0 8 43 21 53 29 19 1 11 0 0 0 0 0 0 0 0 0 0 1 13 10 1 3 7 0
7 15 11 1 0 0 0 0 7 6 6 30 19 94 30 39 5 3 5 2 16 6 4 12 41 63 51 14 1 12 0 0 12 28 23 74 89 79 74 78 73 63 36 2 0 0 1 4 18 1 0 0 1 9 6 0 13 33 0 23 75 64 15 0 0 0 0 11 0 0 0 3 20 37 62 76 66 47 51 34 5 2 4 0 0 0 2 0 1 2 0 7 0 0 0 0
2 13 0 1 0 0 0 8 0 0 0 1 53 30 32 7 8 19 3 6 38 9 0 36 35 47 24 24 0 0 0 15 56 54 54 93 88 65 74 79 52 16 19 18 0 0 0 3 12 79 43 0 8 43 2 1 0 12 10 1 0 16 19 0 0 5 11 28 1 11 55 83 56 56 60 39 27 27 34 65 47 10 12 14 0 0 58 2 0 2 7 3 1 0 0 0
5 1 0 0 0 0 0 58 13 2 26 0 35 50 53 20 10 47 5 9 33 6 11 30 16 44 35 23 1 0 2 6 34 58 77 92 44 82 71 78 69 62 40 8 1 0 0 0 7 60 84 49 43 48 57 17 22 64 65 11 14 40 14 40 8 5 30 45 37 77 58 87 52 29 26 35 91 95 16 11 40 56 48 57 3 6 10 0 0 2 0 0 3 12 1 0
