Data/Land Cover 1km/FME_656D6600_1589209169783_10689/temp/lcm2007_aggregate_classes_1km_gb_6.asc
ncols 700
nrows 1300
xllcorner 0
yllcorner 0
cellsize 1000
[rows 702 to 779 of 1300, columns 288 to 383 of 700]
0 0 0 0 5 9 50 7 20 1 12 3 7 1 7 32 7 1 0 2 1 1 8 0 0 1 0 4 5 17 7 0 1 0 5 12 24 2 5 5 14 0 2 0 3 1 2 23 32 6 0 4 0 0 0 0 3 0 0 4 55 34 23 0 2 5 4 2 4 0 0 5 3 11 94 37 4 6 11 12 29 67 98 100 100 92 41 56 47 59 28 57 24 35 14 16
3 0 0 0 34 29 41 9 16 3 2 3 7 0 27 28 9 7 5 30 5 0 4 2 1 2 0 7 7 3 0 7 2 0 1 11 2 0 0 2 12 9 0 5 1 0 6 47 7 43 2 1 2 0 26 0 2 0 1 2 2 0 3 0 5 3 4 0 1 2 0 8 13 2 74 15 0 8 28 26 90 98 100 99 84 55 26 11 11 10 1 3 55 52 6 7
1 1 0 0 1 9 16 3 5 5 8 5 1 4 33 14 3 5 4 12 0 0 1 0 0 0 3 7 12 0 0 5 9 2 5 16 1 2 0 10 25 14 0 0 0 0 33 9 2 10 1 8 5 18 51 5 7 37 34 33 20 45 2 0 11 2 0 1 20 0 2 0 0 4 17 54 4 8 23 88 100 100 98 91 50 2 31 15 7 19 48 23 51 84 50 28
7 2 0 0 3 0 0 4 4 16 8 1 9 30 17 44 21 3 2 6 2 1 15 2 3 9 1 2 14 3 0 0 20 8 16 0 2 5 6 1 11 2 0 0 3 2 44 7 1 1 0 9 22 36 22 33 32 70 90 50 22 17 1 1 20 7 0 4 4 13 59 3 8 3 0 0 8 50 43 26 60 100 87 46 37 16 12 35 26 18 19 17 2 55 74 58
2 0 0 0 0 0 0 3 0 2 11 2 17 14 6 3 37 6 3 7 0 0 2 2 0 0 3 7 0 0 1 8 14 10 13 0 15 7 14 0 22 4 0 0 6 16 9 0 3 1 2 6 56 54 19 21 50 97 73 16 11 0 1 5 4 7 0 0 6 96 58 10 0 4 10 4 0 10 2 44 9 38 81 67 24 23 76 24 26 16 45 14 33 78 47 17
0 1 1 0 0 12 0 0 1 7 12 0 22 18 2 4 6 3 3 5 0 1 4 1 0 0 3 3 6 0 0 7 5 34 22 1 13 1 4 6 13 1 6 35 54 25 38 57 7 0 6 4 61 28 19 4 69 100 58 11 1 3 2 49 16 1 0 11 6 78 13 10 39 0 1 22 0 3 20 50 3 28 61 38 40 36 27 30 30 58 16 17 82 98 13 52
1 0 0 0 0 3 10 0 0 1 0 0 12 0 0 0 1 0 6 0 0 0 4 2 16 1 0 1 2 1 0 10 11 24 9 5 8 0 2 2 6 1 1 20 26 15 49 6 1 0 1 0 13 3 14 21 93 99 41 38 0 2 2 3 0 0 10 10 85 53 11 0 34 16 1 5 6 5 25 23 26 28 26 69 17 7 40 32 38 35 38 25 56 71 76 61
0 0 0 0 3 22 5 2 2 0 4 1 3 10 0 1 0 1 0 0 1 1 4 0 0 0 5 0 1 2 6 9 7 3 16 0 0 8 0 7 25 3 3 3 3 11 17 10 2 0 3 3 3 8 12 57 94 76 0 0 0 3 0 2 0 0 6 35 77 17 6 3 12 2 0 0 1 4 0 5 10 9 13 20 12 20 29 24 28 17 22 8 21 33 66 100
0 1 3 0 0 18 1 16 0 0 2 6 1 8 0 0 0 1 0 0 1 1 1 2 0 1 1 2 0 3 4 0 0 10 6 14 16 0 3 11 11 2 0 0 0 4 4 1 1 3 13 20 12 3 19 84 100 63 6 0 1 3 1 55 10 0 1 0 16 18 3 4 3 11 12 3 10 8 0 32 17 10 20 5 15 24 19 29 40 12 2 38 13 13 58 87
0 5 0 0 0 23 10 8 6 13 0 3 0 1 8 3 0 1 0 0 2 0 2 0 0 0 1 0 26 18 9 0 2 31 4 2 27 6 12 0 1 6 0 0 0 4 1 2 0 0 22 50 4 60 99 99 98 62 62 12 0 4 8 3 13 2 29 1 13 5 2 4 0 0 7 1 32 21 1 4 2 12 6 10 12 10 43 16 7 15 29 13 28 66 49 37
0 0 0 0 8 0 5 2 88 20 8 12 0 10 7 0 0 2 1 0 12 3 2 3 0 4 2 4 33 42 10 2 9 15 19 7 7 9 1 1 5 0 0 6 0 0 0 2 0 3 57 87 46 99 100 99 66 34 10 2 0 0 2 2 2 0 9 2 41 64 72 44 9 0 0 0 14 6 0 0 0 1 3 1 19 24 75 31 31 42 23 7 51 80 41 32
2 0 0 1 1 1 0 0 11 18 0 0 4 0 5 0 0 2 2 0 2 1 0 5 1 5 4 4 15 4 0 5 8 12 8 0 2 5 1 0 0 0 0 5 1 0 0 2 1 5 54 94 44 15 83 55 6 0 9 0 0 0 4 11 0 8 1 22 68 76 9 9 4 5 16 1 0 0 9 2 4 21 38 25 10 13 22 21 2 4 2 21 38 41 62 8
0 1 0 8 0 0 0 0 0 1 0 1 1 0 0 1 1 1 0 2 2 1 0 8 14 0 0 21 3 1 1 5 17 26 3 1 0 1 3 0 5 0 0 0 1 2 0 0 6 8 63 54 26 14 20 4 0 0 0 1 0 0 5 5 29 6 0 8 44 28 61 15 0 1 3 25 1 0 18 17 4 31 47 15 27 28 12 9 18 0 0 20 13 14 6 3
2 0 0 1 2 1 2 0 0 0 3 1 0 2 0 0 0 2 0 1 0 0 1 2 3 1 6 29 1 0 0 1 22 6 0 0 3 21 0 3 4 0 2 0 0 3 0 1 0 19 59 0 19 24 26 0 0 2 0 1 0 0 1 11 5 0 36 42 30 82 89 13 6 4 10 17 30 32 43 7 21 38 2 8 15 9 12 11 27 22 29 5 2 1 14 1
0 0 2 0 2 2 3 1 1 0 1 0 0 1 1 1 1 0 1 0 0 5 1 1 5 3 0 6 1 0 0 4 0 0 0 0 0 2 1 3 30 3 0 0 0 0 0 3 2 46 67 2 0 5 2 6 0 5 0 0 3 0 0 0 0 8 18 23 2 56 99 94 14 33 4 22 4 9 79 10 8 13 5 3 0 11 12 6 28 60 82 54 7 6 0 0
8 0 0 0 1 2 4 1 1 0 14 4 0 0 0 3 2 4 0 0 0 2 1 1 1 4 1 0 0 0 0 1 1 10 8 1 5 15 39 19 60 40 1 0 0 1 41 75 12 2 25 0 0 3 22 0 1 21 5 5 4 0 2 5 1 2 4 8 0 48 89 100 89 68 1 26 28 22 26 18 23 22 23 2 3 28 12 43 81 23 64 59 28 21 40 32
0 1 2 0 0 0 0 1 7 0 12 17 1 0 1 0 1 0 0 0 0 3 8 0 0 1 1 1 1 7 1 2 12 28 5 11 5 0 23 18 27 14 6 0 2 0 9 1 0 1 19 18 11 17 4 2 9 0 2 9 17 1 8 2 2 0 1 3 4 1 55 100 100 92 79 99 64 17 5 20 8 29 4 4 17 31 4 8 30 25 21 25 60 8 30 38
0 0 0 1 5 0 0 0 4 1 2 7 4 2 0 5 0 0 0 1 0 0 1 1 0 6 7 0 0 1 2 2 40 22 6 12 11 0 0 5 3 34 42 44 27 1 0 16 18 2 3 3 3 2 0 0 0 1 2 2 0 0 4 4 16 7 8 0 0 0 9 100 99 86 7 41 68 19 2 32 51 52 27 21 33 22 9 25 64 6 19 2 14 1 3 18
0 0 2 3 4 1 0 2 0 3 0 0 11 16 2 4 2 20 1 0 1 0 0 0 0 2 2 1 0 0 1 1 11 42 51 4 1 1 0 4 0 18 36 15 7 6 2 62 65 1 1 1 1 0 0 0 2 4 6 35 5 0 6 0 37 54 43 5 0 0 42 99 98 100 40 12 24 25 19 66 44 74 31 14 12 33 23 45 35 33 15 5 8 4 0 0
0 2 0 1 2 0 1 1 0 4 7 0 2 6 1 0 1 4 0 0 3 0 1 0 1 1 1 0 0 0 0 1 0 8 2 0 4 0 3 0 9 38 12 1 3 4 4 8 5 0 1 0 0 0 0 2 2 0 7 28 1 1 1 0 9 11 1 2 1 28 86 43 74 59 35 0 11 2 12 11 3 5 7 9 30 11 2 25 43 38 29 11 0 4 15 4
1 0 0 0 0 1 3 2 0 1 2 0 7 13 3 0 0 0 10 2 1 1 0 0 0 2 4 4 1 3 0 0 2 1 0 0 2 0 8 2 22 15 4 10 3 2 2 0 0 0 0 0 0 0 3 2 2 2 1 11 3 1 5 0 1 2 2 0 2 44 89 43 1 0 26 35 18 18 0 34 13 13 47 76 35 13 24 18 28 19 24 6 10 20 1 0
2 0 0 0 1 0 0 7 5 0 4 2 4 13 5 0 2 1 34 32 4 2 0 1 0 4 1 0 1 0 2 2 0 1 5 0 2 1 0 9 46 5 12 52 25 0 0 2 0 0 1 1 0 0 2 0 5 0 4 4 2 0 0 0 6 3 4 2 7 21 51 34 1 0 0 1 36 20 31 99 92 63 87 46 15 6 23 19 42 37 5 9 24 32 0 1
0 2 0 0 2 0 7 4 2 7 1 0 0 0 3 1 7 0 1 50 20 3 1 1 0 0 2 0 1 1 1 1 1 0 4 0 0 0 2 1 9 7 1 11 10 0 1 0 0 0 0 1 2 0 0 0 0 0 0 1 0 2 1 0 0 5 3 6 0 2 16 11 13 1 28 17 19 0 39 100 85 99 100 77 1 17 31 16 24 5 18 36 21 11 5 6
0 0 0 0 0 1 18 7 1 2 2 0 0 2 3 2 0 1 1 1 6 0 0 0 1 0 9 0 0 0 0 8 3 1 2 0 1 0 0 1 2 2 8 2 0 1 0 5 0 0 0 1 0 0 1 4 4 1 1 11 2 0 0 0 0 0 1 0 0 1 74 100 36 17 33 52 36 17 42 53 63 94 56 51 4 6 30 12 50 52 11 6 6 13 31 10
0 0 0 0 1 3 2 3 2 1 6 4 0 0 15 10 0 0 1 2 1 0 0 0 0 0 2 1 8 2 2 1 0 5 4 1 7 1 8 2 0 0 1 24 13 1 1 6 8 5 0 0 1 1 0 0 0 0 0 2 0 1 0 1 1 0 0 0 2 0 80 100 27 21 22 32 73 73 33 8 56 76 17 59 17 6 19 5 6 17 52 8 10 12 9 37
8 0 0 0 0 0 0 16 0 0 0 0 0 3 12 2 1 2 0 3 2 2 1 2 0 0 1 1 3 0 0 1 0 3 4 4 8 2 10 21 1 7 0 0 3 14 0 6 2 6 0 4 0 1 0 2 2 3 3 0 0 0 0 0 0 2 24 0 0 44 99 78 45 18 25 22 52 20 0 33 10 29 21 17 28 5 0 4 58 41 20 15 19 34 51 60
7 0 1 0 0 0 0 1 1 0 1 0 0 12 13 34 13 12 0 0 0 0 3 2 0 0 0 3 5 0 1 5 2 0 25 2 1 8 5 1 4 45 1 1 8 1 1 7 4 3 1 1 1 0 1 3 3 2 0 0 0 0 0 0 0 21 2 13 19 16 14 38 58 22 29 14 8 10 13 40 15 62 66 32 11 3 0 1 8 2 26 25 14 56 69 51
2 0 0 0 0 0 6 0 8 0 1 3 0 0 0 12 13 18 0 1 1 4 2 5 1 0 1 0 0 5 2 0 3 7 9 2 1 1 4 5 4 7 10 9 5 7 37 24 12 11 8 2 2 1 0 1 1 0 1 4 0 0 1 0 4 2 0 3 3 12 23 36 42 27 25 18 21 10 12 20 31 88 83 16 5 12 34 25 29 19 20 33 5 39 51 32
0 2 1 11 10 7 4 0 1 0 0 1 3 0 5 36 37 73 5 7 0 6 3 0 0 2 6 0 0 1 6 0 7 12 3 8 0 0 1 2 2 6 3 4 1 50 87 49 2 9 10 2 8 5 0 1 0 2 1 1 57 71 13 7 8 0 1 0 0 0 2 3 3 6 55 39 7 9 78 100 84 52 15 1 5 22 40 33 11 18 5 16 9 8 7 14
0 4 6 3 4 3 1 3 3 0 0 0 0 0 1 10 17 23 9 2 1 1 6 1 0 0 13 1 0 0 6 5 1 2 0 0 0 5 40 12 3 0 7 1 5 29 98 43 8 9 1 3 1 1 0 1 0 2 2 14 86 90 19 8 23 0 0 0 0 2 1 0 0 0 9 23 23 85 88 30 36 4 32 0 0 5 26 2 14 5 8 18 5 0 4 2
0 9 52 12 9 3 0 0 1 1 0 0 1 0 0 0 0 3 1 1 0 0 1 0 0 0 1 1 0 16 9 3 0 2 0 0 5 49 30 1 1 3 3 9 6 0 21 17 6 0 6 1 7 0 15 1 1 1 0 1 2 12 53 30 2 0 1 0 0 0 0 0 0 0 1 2 13 56 24 14 10 11 0 0 2 15 26 28 18 3 2 21 37 34 25 12
0 18 11 2 3 4 3 4 2 1 3 2 0 4 0 2 0 0 0 0 0 0 0 3 0 5 11 2 1 1 2 0 0 0 4 1 1 1 5 1 0 0 0 0 1 7 8 5 0 0 3 8 3 1 2 0 0 0 0 1 6 45 94 25 2 1 1 0 0 0 1 0 3 3 1 1 2 1 6 21 6 19 8 3 1 25 1 1 0 22 29 51 18 41 19 0
1 17 71 1 0 2 2 4 4 2 0 0 0 0 0 0 0 0 0 0 0 0 0 1 2 1 1 11 4 0 6 0 1 6 1 0 4 3 3 0 0 0 0 0 0 0 12 0 1 0 4 2 0 0 2 6 4 9 0 0 1 45 33 3 0 0 0 2 0 2 0 1 0 0 0 0 7 3 0 19 4 0 2 10 2 38 1 0 1 1 5 2 1 2 2 0
3 0 72 0 0 23 0 0 0 0 0 0 0 0 0 0 0 0 0 0 0 0 0 0 0 0 0 0 0 0 6 0 1 0 0 0 0 1 0 1 0 0 0 0 0 0 2 2 3 1 1 1 1 0 0 0 2 6 1 3 3 13 7 0 0 1 0 1 0 0 0 0 0 0 1 9 7 40 4 0 1 1 0 2 0 0 0 0 0 0 0 0 0 0 0 0
2 2 43 27 0 30 27 39 1 1 2 0 0 0 0 0 0 0 0 0 0 0 0 0 0 0 0 0 0 0 0 0 0 0 0 0 0 0 1 0 0 0 0 0 0 0 2 5 10 3 3 0 0 5 23 7 0 1 0 0 1 1 0 0 2 1 6 3 1 1 0 2 2 3 1 33 92 65 3 7 1 0 2 0 0 0 0 0 0 0 0 0 2 0 0 0
11 5 16 50 2 48 8 56 33 0 0 0 0 0 0 0 0 0 0 0 0 0 0 0 0 0 0 0 0 0 0 0 0 0 1 1 5 0 0 0 0 0 0 0 0 0 5 7 4 29 0 3 0 13 4 0 0 0 0 0 0 0 0 1 0 1 5 1 0 2 0 0 12 4 1 35 89 17 3 0 0 1 7 7 28 42 14 3 2 0 9 1 0 0 0 1
17 30 53 10 21 31 53 88 66 2 0 0 0 0 0 0 0 0 0 0 0 0 0 0 0 0 0 0 0 0 0 3 18 57 25 20 7 0 0 0 0 0 0 0 0 2 4 1 5 8 15 3 2 4 0 0 0 0 0 2 5 1 1 3 3 2 2 3 0 12 1 3 0 23 26 42 61 5 4 1 1 5 38 66 93 99 50 11 31 9 2 0 1 6 1 5
13 3 8 0 0 22 99 100 64 6 0 0 0 0 0 0 0 0 0 0 0 0 0 0 0 0 0 0 0 3 27 17 71 96 67 85 34 2 1 0 0 0 0 0 1 1 2 1 3 0 12 7 6 1 0 1 0 0 1 7 13 7 1 2 0 3 0 1 0 0 12 27 13 14 28 2 3 0 0 1 1 19 57 66 57 65 87 61 19 1 3 0 0 10 14 21
29 8 1 0 0 4 83 88 9 0 1 2 0 0 0 0 0 0 0 0 0 0 0 0 0 0 0 0 0 11 100 87 89 94 53 27 24 3 0 0 0 2 1 0 0 1 1 1 0 0 7 4 6 4 0 0 2 5 2 0 0 4 0 3 2 2 5 2 1 1 0 7 6 14 29 6 5 1 6 0 0 6 1 3 0 16 94 100 58 1 0 1 1 7 9 61
0 4 4 5 0 30 45 11 0 0 0 0 0 0 0 0 0 0 0 0 0 0 0 0 0 0 0 0 0 2 27 13 5 7 1 1 14 76 9 1 0 0 1 0 0 0 1 1 0 0 3 7 0 4 2 0 2 3 2 1 0 0 1 0 10 4 0 1 7 2 11 36 29 64 86 31 50 25 33 2 3 7 16 23 18 59 98 83 0 0 1 0 4 0 2 22
0 14 7 13 1 0 0 0 1 0 1 3 0 0 0 0 0 0 0 0 0 0 0 0 0 0 0 0 0 0 1 0 0 0 0 0 4 24 6 2 0 0 6 0 3 0 1 4 3 2 8 3 7 6 2 0 2 0 0 0 0 0 2 4 1 0 3 0 21 34 23 62 53 91 93 99 89 69 98 25 3 44 75 90 85 98 100 98 1 4 1 2 0 5 1 2
4 21 13 6 2 0 1 1 2 1 3 1 0 0 0 0 0 0 0 0 0 0 0 0 2 5 0 0 0 0 0 0 0 0 1 2 0 0 6 19 1 1 1 1 1 2 0 4 1 3 5 8 1 0 1 8 3 0 1 9 3 0 1 0 1 1 0 21 59 56 45 83 99 98 100 96 89 53 91 8 11 82 98 100 100 100 100 81 6 0 0 3 1 0 0 1
1 4 0 0 3 1 0 0 0 2 0 0 0 0 0 0 0 0 0 0 0 0 0 3 1 0 0 0 0 0 0 2 3 0 7 0 0 5 1 0 3 5 0 1 0 9 0 8 1 0 0 0 0 2 0 2 2 1 4 1 3 0 1 12 0 0 3 25 59 22 64 98 99 100 100 98 100 100 64 3 4 61 87 100 100 100 96 34 0 0 7 8 2 1 3 3
1 0 0 0 0 0 0 0 8 2 0 0 0 0 0 0 0 0 0 0 0 0 0 2 6 7 0 2 0 0 0 1 0 15 19 4 0 0 0 0 1 7 1 6 1 5 0 0 0 4 1 0 0 1 0 5 1 0 1 3 1 3 3 4 0 0 1 73 50 36 81 95 100 100 100 100 91 80 52 2 4 60 72 90 96 100 100 32 29 2 4 51 63 35 3 5
0 0 0 0 0 0 0 0 0 0 0 0 0 0 0 0 0 0 0 0 0 0 2 5 6 7 1 0 0 0 1 0 24 99 96 46 0 0 0 2 0 1 4 2 1 0 0 0 3 0 4 2 0 1 0 1 2 1 0 3 0 0 0 1 2 0 4 75 84 57 25 81 97 100 100 91 89 93 25 0 25 75 97 95 100 100 87 78 70 2 1 31 91 62 24 2
0 0 0 0 0 0 0 0 0 0 0 0 0 0 0 0 0 0 0 0 0 0 7 2 1 5 0 0 1 1 0 2 38 75 63 9 0 0 0 0 2 2 0 0 1 0 1 4 2 0 0 2 0 0 0 0 1 2 0 1 1 2 2 2 0 0 0 64 87 58 54 97 100 100 100 100 99 61 2 1 45 77 26 77 95 100 100 90 46 4 10 37 92 84 11 9
0 0 0 0 0 0 0 0 0 0 0 0 0 0 0 0 0 0 0 0 0 2 1 0 0 4 0 0 0 0 0 2 30 68 28 1 2 9 0 1 0 0 0 0 0 2 1 1 1 2 3 0 1 1 2 6 0 1 0 0 2 6 0 2 0 0 0 32 85 64 75 67 91 85 100 100 82 12 15 3 1 5 24 94 98 100 94 57 41 0 7 70 94 77 26 2
0 0 0 0 0 0 0 0 0 0 0 0 0 0 0 0 0 0 0 0 0 7 0 1 0 0 0 0 0 6 0 1 1 2 1 0 0 4 3 0 1 1 0 0 1 0 11 0 7 10 0 0 0 0 0 0 0 0 0 1 0 0 0 0 0 2 1 10 62 93 99 100 97 100 96 75 37 44 63 9 0 8 61 83 65 54 64 99 33 1 5 36 100 81 68 20
0 0 0 0 0 0 0 0 0 0 0 0 0 0 0 0 0 0 0 0 1 5 0 0 0 0 0 0 0 0 1 0 2 1 2 0 5 2 1 1 0 1 0 1 2 0 0 1 4 6 0 6 1 1 0 0 1 0 2 1 8 0 2 1 0 16 0 2 3 70 93 90 99 100 100 100 76 63 76 24 30 8 20 23 11 39 74 100 58 18 25 13 52 100 93 84
0 0 0 0 0 0 0 0 0 0 0 0 0 0 0 0 0 0 0 0 0 3 0 0 0 4 3 0 0 0 0 0 0 0 1 2 2 2 1 1 1 1 0 6 2 1 0 1 1 1 0 1 1 0 0 0 2 5 1 5 3 1 1 0 0 16 6 2 3 4 59 48 52 87 88 100 92 94 82 64 49 1 4 1 42 96 83 100 59 24 51 33 14 100 98 62
0 0 0 0 0 0 0 0 0 0 0 0 0 0 0 0 0 0 0 0 1 0 0 0 4 0 1 0 0 1 0 0 0 2 0 0 1 0 4 0 0 0 3 3 2 3 0 0 0 1 1 1 0 0 2 2 3 1 0 1 5 0 0 0 0 1 0 2 2 1 3 64 19 56 48 90 97 95 95 96 65 23 29 2 13 27 9 47 94 59 62 44 42 100 92 15
0 0 0 0 0 0 0 0 0 0 0 0 0 0 0 0 0 0 0 1 6 0 0 2 9 0 0 0 0 3 0 0 1 4 0 1 1 1 1 7 0 2 3 1 0 0 0 1 3 1 1 0 1 0 2 2 0 1 2 0 0 0 1 0 0 0 0 1 4 0 0 45 72 63 14 64 87 72 66 91 25 10 19 3 7 2 5 6 55 100 97 74 66 99 72 65
0 0 0 0 0 0 0 0 0 0 0 0 0 0 0 0 0 0 0 2 6 0 1 0 1 0 0 0 1 2 2 0 5 5 2 1 1 1 1 3 0 1 0 0 0 0 0 0 3 3 1 0 0 1 1 0 1 4 1 0 0 0 3 0 0 0 2 0 1 4 2 54 66 72 45 51 96 98 94 91 46 14 3 3 4 5 38 10 11 56 79 84 60 97 100 91
0 0 0 0 0 0 0 0 0 0 0 0 0 0 0 0 0 0 0 0 4 0 0 0 0 0 1 0 4 0 1 0 0 0 0 0 1 0 0 1 10 1 7 0 0 1 0 0 0 2 2 0 0 0 0 0 2 0 0 0 1 0 0 0 0 0 2 0 1 0 2 3 13 44 19 71 88 89 90 92 98 40 6 7 6 31 67 25 31 19 54 94 100 100 98 99
0 0 0 0 0 0 0 0 0 0 0 0 0 0 0 0 0 0 0 0 0 0 0 0 0 1 3 0 2 1 0 1 0 0 0 2 0 0 0 0 2 2 4 0 0 0 1 0 1 0 0 1 1 0 1 0 0 0 0 0 6 15 0 2 0 0 0 0 1 3 0 1 3 23 11 85 97 100 92 80 70 6 22 7 7 0 44 81 95 31 51 100 95 53 35 88
0 0 0 0 0 0 0 0 0 0 0 0 0 0 0 0 0 0 0 0 0 0 3 1 0 2 0 1 4 1 0 0 2 0 0 0 0 1 1 1 5 28 3 2 0 2 1 0 1 2 1 0 0 0 0 4 0 0 1 1 0 0 0 1 0 2 0 1 1 0 2 4 0 3 8 71 100 99 91 37 14 64 87 36 18 12 12 33 64 91 94 95 90 100 48 44
0 0 0 0 0 0 0 0 0 0 0 0 0 0 0 0 0 0 0 0 4 0 4 0 0 0 0 3 0 1 0 1 0 0 0 1 1 0 0 0 6 18 22 23 0 1 2 1 0 0 0 0 0 0 0 1 0 1 0 2 0 3 0 6 2 2 0 0 0 0 0 1 0 3 11 70 98 93 73 71 71 100 100 100 68 20 5 1 41 41 75 100 99 33 37 30
0 0 0 0 0 0 0 0 0 0 0 0 0 0 0 0 0 0 1 5 2 0 0 1 8 1 0 0 2 0 0 0 0 1 0 0 1 1 0 0 62 85 31 3 0 6 3 0 0 0 2 0 1 0 0 0 3 1 1 2 6 0 10 2 3 0 0 0 3 0 1 0 0 5 26 96 100 99 100 100 98 100 100 100 100 59 5 2 10 32 85 100 99 91 74 95
0 0 0 0 0 0 0 0 0 0 0 0 0 0 0 0 0 0 0 1 0 3 0 0 0 0 0 0 0 0 0 0 1 0 0 1 0 0 0 0 7 16 3 0 1 0 1 1 2 0 0 1 0 0 0 3 1 0 0 0 0 0 57 42 12 4 1 5 3 0 2 0 0 0 6 93 100 98 100 98 98 74 75 98 100 21 7 4 28 85 99 98 79 88 62 66
0 0 0 0 0 0 0 0 0 0 0 0 0 0 0 0 1 2 0 1 0 1 0 2 0 0 0 0 0 3 0 3 1 0 0 1 0 2 5 3 9 4 1 0 0 0 0 1 0 0 0 0 0 1 1 0 0 1 0 0 0 0 18 8 12 3 0 3 1 0 0 1 0 2 16 42 89 100 100 100 100 96 93 97 100 72 73 6 0 93 100 100 76 81 63 45
0 0 0 0 0 0 0 0 0 0 0 0 0 0 0 0 1 2 1 2 1 1 1 0 0 3 0 0 3 1 1 0 0 0 0 0 1 10 55 18 2 3 1 8 14 14 1 0 3 1 0 1 2 0 4 0 0 1 1 0 0 0 1 14 16 1 0 0 0 1 5 0 0 0 17 4 36 89 100 100 100 95 96 98 100 81 60 6 49 89 100 94 91 100 100 100
0 0 0 0 0 0 0 0 0 0 0 0 0 0 5 4 2 0 0 0 2 1 0 0 0 1 27 5 15 4 0 2 9 3 22 0 1 1 0 17 0 12 29 38 13 4 0 0 2 0 0 0 1 0 3 0 12 0 0 0 0 0 0 51 71 15 0 0 0 0 0 0 0 0 1 12 32 68 100 100 100 100 100 100 100 100 65 75 96 100 100 100 100 100 100 93
0 0 0 0 0 0 0 0 0 0 0 0 0 0 2 1 2 0 4 1 1 1 2 0 0 0 0 0 0 0 1 0 0 2 54 8 6 2 2 7 0 16 38 55 32 9 6 15 0 1 0 12 0 0 2 2 2 1 0 0 0 0 1 30 50 6 0 0 0 0 0 0 3 0 0 12 2 58 81 100 100 100 100 100 100 100 97 97 100 100 100 90 96 80 100 100
0 0 0 0 0 0 0 0 0 0 0 0 0 0 0 2 1 0 1 2 1 2 0 1 1 1 0 0 0 1 0 0 1 1 0 0 7 1 11 11 8 31 44 92 31 28 13 14 0 1 0 6 0 1 3 1 0 0 1 0 0 0 0 3 3 9 1 0 2 0 0 0 1 1 1 6 21 21 51 96 100 100 100 100 100 100 100 93 66 97 98 48 33 61 90 100
0 0 0 0 0 0 0 0 0 0 0 0 0 4 1 0 3 4 1 0 0 3 0 2 0 2 0 2 3 0 2 2 0 0 2 1 7 0 34 47 28 95 98 51 33 91 92 29 1 1 2 0 5 1 0 4 1 0 0 0 0 0 3 0 0 2 0 1 5 0 1 1 3 0 2 0 1 11 16 93 99 100 100 100 100 100 100 99 92 89 100 82 34 19 25 96
0 0 0 0 0 0 0 0 0 0 0 0 0 10 2 0 2 2 3 0 0 4 4 0 4 2 0 0 1 0 0 1 0 1 1 0 0 1 5 19 59 67 98 91 30 35 60 45 1 0 0 0 8 2 2 4 1 1 1 2 0 0 1 0 3 0 2 0 1 0 0 2 1 0 0 1 0 2 14 45 31 78 100 100 100 100 100 99 100 96 100 100 100 40 16 16
0 0 0 0 0 0 0 0 0 0 0 1 2 1 0 1 0 5 0 0 1 1 0 6 1 2 1 0 0 2 0 0 2 0 0 0 1 5 12 84 86 42 94 63 6 16 15 5 3 2 0 11 4 2 0 3 3 0 0 0 0 1 0 0 2 1 3 5 0 0 0 0 2 0 0 5 8 21 50 52 62 50 99 100 100 100 100 100 99 100 91 88 100 97 69 24
0 0 0 0 0 0 0 0 0 0 0 7 1 1 5 1 4 0 0 2 1 1 4 0 3 5 0 0 1 1 0 4 1 2 0 4 8 57 89 97 100 98 60 27 37 84 56 27 8 20 4 1 0 0 1 1 2 1 7 0 0 0 0 0 0 0 0 0 0 0 0 0 2 1 0 6 0 2 0 33 35 24 45 100 100 100 100 100 100 100 94 18 10 71 82 49
0 0 0 0 0 0 0 0 0 0 3 15 3 3 4 6 4 3 0 1 3 0 0 4 0 1 0 0 0 1 1 4 1 0 7 16 25 65 94 72 94 65 20 63 52 55 16 15 7 11 2 3 7 5 0 3 0 2 28 0 0 0 0 0 0 2 1 0 0 0 0 0 3 0 0 1 0 0 0 9 13 22 23 97 100 100 100 100 100 100 100 78 60 42 98 39
0 0 0 0 0 0 0 0 0 0 10 0 2 0 1 0 1 0 1 0 19 2 0 0 0 1 0 0 1 5 12 1 2 1 0 15 69 89 92 77 60 42 51 87 85 34 3 0 0 3 5 17 9 6 6 0 1 0 5 8 0 0 1 0 0 0 0 0 0 0 0 0 0 0 0 0 2 0 0 0 9 13 64 95 100 100 100 100 100 100 100 100 87 93 94 87
0 0 0 0 0 0 0 0 0 0 8 0 3 1 4 1 0 1 0 0 0 1 0 0 1 0 0 0 0 2 5 0 3 15 1 13 24 95 92 92 69 28 59 84 88 68 0 1 2 10 1 5 1 1 1 1 1 0 0 0 0 0 0 0 0 0 0 0 1 5 5 0 0 3 1 0 0 1 0 2 3 12 44 50 100 100 100 100 100 100 100 96 77 88 83 100
0 0 0 0 0 0 0 0 0 0 7 3 3 1 6 0 0 0 0 1 0 1 1 0 0 0 0 1 1 16 2 4 38 43 18 37 1 18 23 55 75 22 32 33 48 12 0 4 14 6 0 1 0 1 0 0 0 0 0 0 0 0 0 0 2 0 0 0 2 1 1 1 0 0 0 0 0 0 0 0 0 3 28 70 100 100 92 100 100 100 100 92 100 100 100 98
0 0 0 0 0 0 0 0 0 0 8 4 0 5 6 2 0 1 0 1 0 0 0 0 0 0 0 0 2 0 25 51 26 5 0 24 1 0 3 0 11 8 2 2 1 2 19 13 37 41 9 9 6 2 7 1 0 1 0 8 0 0 3 1 2 0 0 0 0 1 0 0 0 0 0 0 0 0 0 0 2 1 7 40 77 34 68 100 100 100 100 100 100 100 100 100
0 0 0 0 0 0 0 0 0 0 4 0 2 8 31 4 0 0 1 1 0 0 0 1 0 0 0 0 0 37 4 50 21 4 1 3 1 2 3 2 2 6 0 2 6 49 97 61 55 43 13 9 0 9 9 1 6 6 0 0 4 2 0 0 1 0 0 0 0 0 0 0 0 0 0 0 0 0 0 3 0 0 10 19 25 53 84 100 94 100 100 100 100 100 100 100
0 0 0 0 0 0 0 0 0 0 1 0 1 3 1 0 0 1 0 0 2 1 1 2 1 11 1 0 13 57 13 34 34 4 1 2 1 3 3 3 0 2 0 0 2 13 34 38 99 45 28 11 3 3 12 3 0 1 0 16 58 8 5 1 1 3 0 0 0 0 0 0 0 0 0 0 0 0 0 0 0 0 0 1 20 36 36 96 70 100 100 100 100 100 100 99
0 0 0 0 0 0 0 0 0 2 2 0 3 1 2 12 5 13 5 0 0 0 9 3 5 8 1 2 35 60 76 58 49 0 6 7 0 0 0 2 2 1 14 3 23 15 3 18 39 39 21 2 20 19 39 0 0 0 27 83 66 42 9 1 0 4 7 0 0 0 0 0 0 0 0 0 0 0 0 0 0 0 8 3 0 0 62 54 65 100 100 100 100 100 100 81
0 0 0 0 0 0 0 0 0 6 9 1 2 3 4 35 18 8 0 0 1 1 21 31 2 0 0 1 70 57 73 43 6 30 32 6 0 0 0 2 17 0 28 4 23 41 65 50 91 48 0 2 24 26 34 12 0 2 55 70 83 58 0 0 1 0 0 0 0 0 0 0 0 0 0 0 0 0 0 0 0 0 2 7 0 1 8 30 11 94 100 100 99 91 100 100
0 0 0 0 0 0 0 0 0 5 0 3 3 1 1 9 0 0 9 0 1 2 16 39 24 1 1 0 62 89 98 79 72 52 51 7 4 0 0 37 83 1 7 0 29 84 100 85 15 1 0 1 6 28 0 9 10 7 61 66 35 43 50 0 0 1 1 1 1 0 0 1 0 1 2 0 3 0 0 0 0 0 0 0 9 5 25 48 34 97 100 100 98 95 75 92
