Data/Land Cover 1km/FME_656D6600_1589209169783_10689/temp/lcm2007_aggregate_classes_1km_gb_10.asc
ncols 700
nrows 1300
xllcorner 0
yllcorner 0
cellsize 1000
[rows 1066 to 1147 of 1300, columns 384 to 479 of 700]
1 1 0 1 1 31 52 79 59 39 8 6 2 0 0 2 2 0 1 1 0 0 0 1 0 4 0 0 0 0 0 0 2 0 2 0 2 2 2 0 0 0 0 0 6 0 0 0 0 0 2 34 7 0 0 0 2 0 0 1 3 0 0 0 0 3 4 27 1 0 17 11 5 0 0 0 1 1 0 1 1 4 1 1 11 72 60 0 0 3 10 0 0 0 2 0
2 4 1 0 12 57 27 7 1 0 0 0 1 1 1 1 2 0 5 0 4 0 0 0 0 0 0 0 1 0 0 3 2 4 0 2 56 16 4 0 0 1 0 0 8 4 1 1 0 0 0 3 0 0 0 0 0 0 0 11 0 0 4 0 0 5 5 0 1 0 0 10 2 1 0 0 0 0 1 4 4 20 2 1 1 21 17 0 1 0 0 0 1 0 0 1
2 1 0 0 9 42 32 9 1 0 0 0 0 0 0 1 2 0 0 0 1 0 1 2 0 0 0 0 0 0 0 2 1 1 0 0 17 0 0 0 2 0 9 0 3 2 0 0 3 1 0 0 0 2 1 0 0 1 1 0 4 0 38 3 1 0 2 2 2 0 0 1 3 1 0 1 1 0 2 1 0 0 0 2 3 0 1 0 1 0 0 0 2 13 0 1
0 1 1 1 1 6 0 6 0 0 0 1 2 1 1 4 7 4 2 0 0 0 0 0 0 0 2 0 0 0 0 0 0 1 0 0 0 0 0 0 0 0 1 0 0 0 0 2 1 0 0 0 1 0 0 0 0 0 0 0 0 0 1 0 0 0 1 5 3 0 0 4 0 0 0 0 0 0 0 0 1 0 1 2 0 0 0 10 11 3 0 0 4 6 0 0
0 1 0 0 1 3 2 4 1 0 0 7 18 3 5 0 0 0 20 2 1 1 0 0 1 0 0 0 0 0 0 0 0 4 3 0 0 0 1 0 1 0 1 0 0 1 1 0 1 0 0 0 0 0 0 1 0 0 1 2 0 0 1 1 0 1 0 0 16 6 3 1 0 0 0 2 6 1 0 0 1 1 0 0 0 0 0 0 2 0 0 0 0 1 0 0
1 1 7 1 2 6 0 15 1 1 1 17 3 0 0 0 0 15 61 1 0 0 0 0 0 2 0 0 0 0 0 1 0 0 0 1 0 0 0 0 0 0 2 1 1 0 0 1 2 0 0 1 0 0 1 1 1 1 2 0 0 4 0 1 0 1 0 0 2 0 11 8 1 0 0 0 10 0 0 1 0 0 0 1 0 0 0 0 3 0 0 1 12 31 0 0
1 2 2 1 2 1 0 8 0 2 18 88 91 26 7 3 1 11 0 1 0 0 0 0 0 0 0 0 0 0 0 0 0 0 1 1 13 0 0 0 0 1 0 0 1 2 9 51 4 1 0 0 0 1 1 0 0 0 0 0 0 1 1 2 1 0 22 3 0 7 17 0 0 0 0 0 1 0 0 0 2 1 1 2 0 8 10 1 0 1 0 0 30 21 0 0
0 0 0 0 4 4 3 5 1 1 1 36 13 14 10 3 0 0 1 1 1 1 0 0 0 2 0 0 0 0 0 0 0 1 3 8 0 0 2 2 0 0 2 0 0 2 33 42 0 0 0 0 5 1 0 1 0 1 1 5 0 0 1 5 0 5 28 43 16 0 5 0 1 0 1 0 7 1 0 0 0 0 3 1 0 17 12 2 0 2 0 3 1 0 0 0
3 0 0 2 16 3 9 1 0 16 2 7 8 16 1 0 1 0 0 0 0 0 0 0 0 1 0 0 1 0 0 0 0 1 4 37 2 1 8 4 0 0 0 1 0 0 0 1 0 0 1 0 0 1 1 10 1 0 3 26 3 0 1 14 0 6 17 43 0 2 5 4 1 0 13 9 2 0 0 0 1 1 0 0 2 0 0 0 0 0 1 7 5 0 1 0
0 5 1 0 12 5 0 14 40 75 38 35 26 3 0 0 0 0 0 1 0 0 0 0 0 3 2 0 1 0 0 0 0 0 1 1 0 0 3 6 0 4 2 0 10 0 0 1 0 0 0 0 0 18 5 0 0 2 2 0 0 0 0 0 5 2 0 0 1 0 5 0 1 17 58 14 6 0 1 2 0 2 0 1 8 4 0 0 1 3 1 1 2 0 0 0
2 3 0 0 0 6 8 50 86 92 61 74 75 48 3 2 0 0 0 0 0 0 0 1 1 1 0 3 0 0 0 1 0 0 0 0 0 1 0 0 0 3 0 0 4 0 0 0 0 0 0 0 0 1 1 0 0 0 1 0 0 0 0 0 2 0 0 0 0 2 5 0 16 87 96 74 1 1 1 0 14 4 0 0 2 6 0 1 0 0 0 0 0 1 2 0
2 6 1 6 27 21 5 64 81 88 100 93 74 17 1 0 0 0 0 1 0 0 0 0 0 1 0 0 2 0 1 0 3 1 0 1 0 1 0 1 14 4 1 1 0 1 0 0 13 3 0 0 0 0 0 0 0 0 1 0 0 0 0 0 0 0 1 0 0 0 4 2 19 51 90 60 27 8 0 0 11 6 0 1 2 2 1 0 0 0 1 0 0 12 0 0
1 10 67 43 22 38 23 82 88 80 93 77 59 8 1 0 2 0 0 1 1 0 1 0 0 4 0 0 0 2 0 1 23 13 1 0 0 0 0 0 0 0 0 1 0 0 0 0 2 1 2 0 0 0 0 0 0 0 1 0 0 1 0 1 2 0 3 0 0 1 5 13 7 8 31 51 0 0 0 0 0 0 0 2 2 0 0 0 0 0 0 0 0 0 6 10
44 78 39 75 40 17 13 35 74 68 87 84 86 37 1 0 0 1 1 0 0 0 0 1 0 0 1 0 1 0 0 1 33 14 0 0 5 2 2 0 0 0 1 1 0 0 0 0 1 0 0 0 1 0 0 0 0 0 0 1 0 1 0 5 15 2 2 0 0 1 2 3 0 4 32 12 1 0 3 0 0 0 0 5 10 0 0 1 0 1 11 1 0 0 1 1
67 84 29 3 49 6 1 0 2 14 45 33 34 2 5 1 1 2 11 0 0 0 0 1 0 0 0 0 2 0 0 0 0 6 0 3 24 7 0 0 0 0 0 0 0 0 1 1 1 0 0 31 29 0 0 0 0 0 0 3 1 0 0 0 1 11 2 0 0 0 0 6 1 0 8 13 21 1 2 3 0 0 1 0 0 0 0 0 0 1 6 0 0 0 0 0
89 88 69 9 5 0 1 25 18 1 3 3 2 0 0 1 0 3 8 4 0 0 0 0 0 0 0 0 0 0 0 0 0 0 0 1 0 0 1 2 1 0 27 7 3 3 6 1 0 0 0 0 11 0 0 0 0 1 0 0 0 0 0 4 2 0 1 0 0 16 5 5 3 0 1 0 4 1 0 1 0 0 0 2 0 0 0 0 0 2 2 1 0 0 0 0
96 75 88 77 20 2 1 4 0 2 2 0 0 0 0 0 1 1 0 1 0 0 1 0 0 0 3 0 0 6 0 0 0 0 0 10 0 2 0 0 0 1 8 8 6 0 0 0 0 0 1 1 0 0 0 32 0 0 0 0 8 0 1 4 1 1 6 0 0 2 0 1 4 2 0 0 42 23 9 8 1 2 1 0 1 0 0 3 1 1 11 1 0 0 0 0
75 78 87 57 73 61 9 5 1 1 4 1 1 0 0 0 0 0 0 1 0 0 2 0 0 0 0 0 0 0 1 0 0 0 0 1 0 0 0 0 0 1 1 1 1 0 0 0 0 0 0 2 3 0 0 3 2 8 0 0 31 19 2 2 0 0 0 0 1 0 0 0 0 2 4 1 17 17 9 0 0 1 2 1 0 0 2 0 1 3 22 0 0 0 0 0
29 79 52 1 17 17 10 3 1 3 1 0 2 1 0 0 0 0 1 9 0 0 0 0 0 0 0 1 2 4 0 1 2 0 0 0 0 0 0 0 0 0 0 0 0 0 0 4 5 0 0 2 0 1 0 1 0 9 0 0 5 11 3 22 3 0 1 1 1 0 0 0 2 0 2 0 6 0 0 0 0 0 0 0 0 0 0 2 0 0 0 1 0 0 0 9
8 24 19 0 1 0 1 2 2 0 1 0 1 0 0 0 0 0 1 1 0 0 0 0 0 0 0 32 0 0 1 0 1 2 0 0 0 0 0 0 0 0 0 0 0 0 0 0 0 0 1 0 0 0 0 0 0 27 15 9 10 1 5 27 68 51 1 1 18 0 1 7 0 0 0 0 1 5 0 0 0 5 0 0 0 0 1 0 0 0 1 0 0 0 4 66
7 3 0 2 1 2 0 0 0 0 1 0 1 1 0 1 1 0 1 1 0 1 0 0 1 1 1 0 1 0 0 0 2 0 0 3 2 0 0 1 0 0 0 0 0 0 0 0 0 0 0 2 1 0 8 3 7 20 1 0 0 0 3 24 25 84 26 1 6 1 10 0 0 0 0 0 1 2 0 0 0 5 0 1 0 1 1 0 0 0 0 0 0 0 0 15
1 0 1 1 1 3 1 0 1 3 1 5 2 0 0 0 1 0 0 0 0 1 0 0 2 0 0 0 0 0 0 0 0 0 0 1 3 1 0 0 6 23 0 0 0 0 1 0 0 0 1 5 1 0 21 7 0 14 0 0 0 0 0 47 12 38 7 2 2 3 10 0 1 0 0 1 1 1 4 8 6 0 0 0 0 0 0 0 0 1 0 0 0 10 29 8
1 1 0 1 0 0 0 1 0 0 1 1 3 0 0 0 0 0 0 0 1 7 2 1 1 1 1 0 0 0 0 0 0 0 0 0 0 0 0 1 7 28 2 0 0 0 0 4 0 1 1 13 6 0 0 0 0 0 0 0 0 1 2 4 6 4 5 0 0 5 2 0 13 0 3 0 0 0 2 8 0 0 0 0 2 0 0 0 0 8 1 0 0 1 3 1
0 0 8 0 1 1 0 2 0 0 0 0 2 0 1 0 0 3 0 0 0 1 1 1 1 0 1 0 0 0 0 2 0 0 0 0 0 0 0 1 0 1 1 0 0 2 3 36 9 19 38 68 54 9 1 0 0 2 2 5 5 15 5 3 10 44 67 8 4 1 10 4 10 3 22 1 0 0 1 2 0 0 0 0 0 0 1 11 2 4 0 1 2 0 0 0
1 0 32 1 1 2 0 4 0 0 0 0 1 3 1 0 1 5 2 0 0 1 0 0 2 0 0 1 0 0 0 0 0 0 0 0 0 0 2 2 1 0 0 0 0 1 6 8 0 25 85 77 48 5 2 0 0 1 33 56 3 0 0 0 13 34 88 19 19 2 1 0 0 3 1 5 0 2 6 0 0 0 1 0 12 14 0 1 4 10 18 0 0 0 0 0
0 2 0 1 0 0 0 0 0 3 2 1 0 1 0 0 1 0 0 0 1 1 0 0 0 0 0 0 0 0 0 0 2 0 0 0 0 0 0 4 6 0 2 20 11 3 2 0 1 1 25 48 3 0 0 1 0 1 3 3 2 0 0 1 0 0 62 43 43 48 7 8 1 0 1 0 0 0 4 5 9 0 0 0 1 25 4 0 5 56 35 1 1 0 0 0
13 3 0 1 0 1 1 0 1 1 0 0 2 2 0 0 0 1 1 0 0 0 0 0 0 0 1 0 1 0 0 0 1 0 0 0 0 0 0 0 0 0 0 45 54 15 3 0 0 0 0 24 1 0 0 0 0 0 0 0 3 0 0 0 0 1 72 48 40 89 64 92 43 3 12 1 0 6 0 0 6 1 0 0 0 0 3 1 0 1 0 0 0 0 0 0
12 5 4 3 1 0 3 0 0 0 1 0 1 0 1 0 0 0 0 1 0 0 0 0 0 1 1 1 0 0 0 0 1 0 0 1 0 0 0 0 2 0 0 53 92 54 13 0 0 0 0 0 1 2 1 0 1 11 1 0 1 3 1 9 32 29 75 84 26 49 95 66 5 0 2 7 1 6 0 0 0 0 3 0 0 3 43 26 0 0 0 0 3 1 0 1
53 76 32 1 2 0 3 0 0 0 2 1 2 0 0 1 1 3 2 0 0 0 0 3 0 1 0 0 0 0 2 2 0 0 0 2 2 0 0 0 0 0 0 24 46 31 13 0 0 0 1 0 0 0 6 1 6 18 0 0 2 0 1 56 69 24 33 42 61 69 37 50 0 5 24 46 34 6 4 2 0 0 0 0 0 15 43 86 5 2 0 0 2 2 6 0
54 44 22 1 7 13 0 0 0 0 0 0 0 0 0 0 0 9 2 0 0 0 0 1 0 1 1 0 0 0 16 1 1 0 0 0 0 0 1 8 3 1 1 9 3 0 2 0 0 0 0 0 0 0 4 2 9 0 0 1 0 5 15 31 8 13 3 42 39 76 79 79 13 19 2 1 1 1 20 10 3 0 0 0 1 0 0 8 8 1 0 0 2 1 5 15
27 18 21 1 44 43 7 2 0 1 2 0 0 0 1 1 1 51 7 1 1 0 0 0 0 0 0 0 0 0 2 0 0 1 0 1 0 1 0 5 1 1 0 3 0 0 0 44 6 5 7 1 0 1 10 17 2 2 0 0 0 2 12 1 0 0 2 33 36 87 83 96 22 0 2 2 0 0 7 1 12 7 1 0 0 0 0 0 0 0 0 0 0 2 0 12
20 11 27 28 15 21 4 0 3 0 0 0 0 0 0 1 0 14 43 28 2 0 7 10 3 0 0 0 0 0 0 0 1 0 0 0 0 2 0 0 1 0 0 0 6 0 1 8 3 1 10 1 0 0 4 13 1 1 2 0 1 0 0 0 1 2 6 19 39 65 71 77 22 21 10 1 0 0 5 10 1 0 5 0 3 0 0 0 0 1 0 0 2 2 0 10
17 1 14 16 2 1 10 5 0 0 0 1 3 0 0 0 6 38 86 45 4 2 6 2 2 1 3 0 0 0 10 30 7 0 0 0 2 0 5 0 0 0 2 1 15 0 0 2 0 0 0 0 0 0 0 0 0 0 1 0 15 1 5 22 1 2 0 8 44 8 14 11 4 0 6 1 1 1 1 2 1 0 0 0 6 1 0 0 1 0 3 32 2 0 2 3
40 2 22 27 0 0 7 3 0 0 0 0 1 1 1 0 1 27 55 30 2 3 0 1 0 6 4 3 3 0 6 22 7 6 2 0 0 28 2 0 0 0 1 0 0 2 0 0 11 0 0 0 0 0 0 0 0 0 0 1 1 2 4 28 6 2 5 2 2 1 0 0 1 0 1 0 0 0 0 1 0 1 0 0 0 3 1 0 0 0 18 57 1 0 1 0
58 19 0 0 0 1 0 0 0 0 0 2 0 0 1 0 1 0 0 6 13 18 1 0 0 0 0 8 4 2 0 31 11 6 0 1 6 25 1 0 1 0 0 0 1 0 0 0 0 0 0 0 0 1 3 3 0 1 0 0 3 0 13 24 32 18 33 8 15 1 0 2 2 0 0 0 0 0 0 0 0 0 0 0 0 1 5 0 6 3 1 8 0 0 0 0
2 0 0 4 11 0 2 0 0 0 1 0 0 0 1 3 0 0 0 0 0 0 5 0 0 0 0 0 3 16 26 51 29 1 0 0 0 0 1 6 5 0 0 2 0 1 0 0 0 0 1 0 0 3 3 16 29 1 1 3 2 1 2 21 41 67 90 44 18 3 1 0 0 0 0 2 16 0 3 15 0 0 1 0 0 0 1 4 13 0 1 0 1 0 0 4
1 0 0 1 10 0 0 0 1 0 3 0 0 0 28 4 2 1 0 2 20 19 3 8 0 2 1 2 0 28 10 51 13 3 0 0 1 0 0 0 1 0 0 1 1 0 0 3 1 1 5 0 0 0 3 7 8 2 1 4 1 9 1 8 77 73 70 23 5 0 0 0 0 0 0 0 0 0 6 35 1 1 1 0 1 0 0 7 4 0 0 0 0 2 1 18
1 0 0 0 0 0 0 0 2 0 3 13 13 2 2 0 0 0 0 0 30 18 5 2 1 0 0 6 1 0 0 5 11 4 0 0 0 0 0 0 0 1 1 0 0 0 0 0 1 0 0 0 0 1 1 0 0 0 2 1 0 22 1 13 65 63 0 0 0 0 1 4 6 37 0 0 0 0 0 19 11 0 0 0 1 0 1 0 2 2 2 28 24 0 5 5
1 0 0 1 0 0 0 0 1 0 0 1 2 1 0 1 0 2 1 1 12 2 1 1 2 8 0 0 0 0 6 0 0 0 0 0 0 0 0 0 0 0 0 0 49 23 1 0 0 0 1 0 0 0 1 0 0 0 0 1 1 0 0 3 9 19 8 2 2 5 5 5 7 8 0 0 0 0 0 0 0 0 1 0 3 1 0 0 0 0 0 5 42 2 3 2
0 0 1 0 12 4 0 1 0 0 0 0 3 0 0 0 1 4 10 0 24 9 2 2 1 4 2 0 0 0 0 1 0 0 0 0 1 0 0 0 0 0 0 1 48 3 0 1 0 1 1 0 0 0 0 0 0 0 0 0 0 0 0 38 4 0 15 10 0 0 3 0 0 23 3 5 0 1 2 0 1 1 0 0 39 15 0 0 0 0 0 0 4 2 2 0
5 2 1 1 37 51 0 0 0 0 1 2 1 0 2 2 2 1 5 0 18 2 4 2 0 56 19 2 0 0 0 0 0 2 0 15 39 0 0 2 0 0 0 1 1 0 0 1 1 13 23 0 0 0 0 0 4 9 3 1 1 0 0 13 2 12 20 10 3 1 15 1 1 6 1 20 1 0 1 0 0 0 0 0 0 3 0 0 0 0 0 1 0 6 0 1
0 1 0 3 7 2 2 1 1 0 2 15 1 1 0 0 1 0 0 0 2 1 0 0 2 1 0 3 0 0 0 0 0 0 0 47 63 1 1 0 0 0 0 0 0 0 0 0 0 2 1 0 0 0 0 0 15 13 0 0 0 0 10 8 15 28 37 18 3 0 0 0 0 0 0 16 1 7 6 2 0 0 0 1 1 0 0 1 1 0 0 0 0 0 5 7
0 0 1 1 4 0 0 1 0 0 0 1 1 0 0 0 2 1 1 0 0 0 1 0 1 0 0 0 0 2 1 0 0 0 0 3 5 1 1 0 0 0 0 1 1 0 0 1 0 0 0 0 0 0 3 1 4 1 0 0 0 0 17 10 41 57 62 81 74 15 0 2 0 3 8 3 2 39 27 55 14 0 0 0 0 0 3 0 0 1 0 0 1 0 0 1
0 0 1 0 0 0 0 0 0 0 0 0 0 1 0 1 1 1 11 8 0 0 0 1 1 1 0 0 1 1 23 26 0 4 0 0 2 2 0 2 32 48 2 2 0 0 0 1 0 0 1 1 0 0 0 35 47 1 1 0 0 0 0 11 0 2 0 60 88 70 0 1 1 3 17 17 18 10 15 43 1 2 1 0 0 0 0 0 0 0 0 1 0 1 0 2
2 1 1 1 0 0 1 2 1 0 0 2 0 1 0 2 0 0 0 1 3 1 0 0 1 1 1 16 30 45 41 14 1 1 20 0 0 1 1 8 21 15 0 2 2 1 20 0 0 0 0 0 0 0 5 28 25 0 1 0 1 5 6 3 8 36 2 65 79 53 3 1 3 0 1 35 73 33 2 1 2 0 0 1 0 0 0 0 0 0 0 0 0 0 2 0
1 0 0 1 0 1 0 0 4 21 1 0 1 2 0 0 0 0 1 1 0 0 0 0 7 17 1 2 34 82 77 74 57 10 57 6 0 0 0 31 12 0 0 0 0 0 0 0 0 1 0 1 2 8 20 72 62 8 0 3 1 19 8 0 7 17 3 5 28 11 0 1 2 0 1 4 26 3 9 0 5 1 0 4 5 0 0 0 1 1 1 0 1 0 0 0
0 0 0 1 0 4 0 1 46 32 8 1 1 0 0 0 0 0 0 0 0 0 1 10 30 27 0 0 64 86 70 77 85 79 42 16 3 1 2 3 2 0 1 0 0 2 2 0 1 0 1 2 13 3 10 38 40 2 2 1 0 0 0 27 11 1 0 2 0 0 0 0 1 0 2 4 2 3 0 0 0 1 1 1 1 1 1 0 0 0 0 0 0 0 0 0
1 21 2 0 0 1 0 1 3 13 8 16 4 0 0 0 0 1 0 0 1 0 2 0 1 4 9 56 9 73 73 76 98 93 55 4 0 0 0 3 0 0 0 0 0 0 2 0 0 1 1 0 0 3 17 2 0 1 2 0 1 0 8 57 9 4 1 8 1 12 0 21 0 0 41 21 0 1 1 0 0 0 0 0 1 2 4 0 0 0 0 0 0 0 1 0
0 12 0 0 1 1 0 1 0 2 0 2 1 1 1 1 0 0 8 0 0 0 0 0 1 18 23 83 39 80 99 94 88 84 74 20 0 1 1 0 0 0 3 0 0 0 0 0 0 0 0 0 0 1 1 0 2 0 1 0 1 0 3 2 13 9 0 0 9 28 0 3 0 1 3 15 0 1 0 1 0 1 0 0 0 0 0 0 2 2 2 1 0 3 4 0
0 0 0 0 4 5 0 0 3 0 0 0 4 4 0 0 4 16 2 2 0 4 4 4 2 0 23 73 94 73 97 92 87 69 67 48 1 2 0 0 0 2 0 0 0 0 0 0 0 0 0 0 1 0 0 0 0 0 3 0 0 0 0 0 4 0 0 0 0 0 0 0 0 1 6 5 0 0 1 0 0 1 2 3 5 0 0 0 0 0 3 0 0 0 2 1
1 0 1 0 0 0 1 0 2 3 1 1 3 0 1 0 0 0 4 1 1 3 10 51 3 7 59 90 47 37 88 87 62 74 76 35 15 13 3 2 21 0 1 0 0 0 0 0 0 0 0 0 0 0 0 0 0 0 0 0 0 0 0 0 0 0 0 1 0 0 0 0 1 0 4 23 9 0 0 0 1 1 2 3 7 2 1 0 1 0 2 27 7 0 0 0
3 5 4 1 0 17 2 2 0 1 4 1 15 0 0 0 0 2 1 1 1 4 56 71 19 4 19 24 0 2 5 40 43 13 13 22 14 4 0 0 2 0 0 0 0 0 1 0 0 0 0 0 0 0 0 1 0 0 0 1 0 0 0 2 0 0 0 0 0 1 0 0 0 0 1 1 1 0 0 2 17 2 1 0 2 5 0 0 1 3 0 52 42 0 1 0
0 1 0 0 2 12 8 13 0 0 0 1 0 2 0 1 1 1 1 2 1 2 21 19 1 0 1 0 0 12 43 3 1 4 2 2 24 2 3 0 0 0 0 0 0 0 1 1 0 1 0 0 0 0 0 1 0 0 0 2 0 0 0 1 0 8 0 0 0 0 0 1 0 0 7 8 54 4 0 6 48 5 1 1 0 5 30 1 0 0 32 63 55 1 0 1
0 0 1 2 0 7 7 13 1 0 3 1 3 4 0 6 0 2 0 3 1 1 0 1 0 0 0 2 0 8 74 6 1 2 3 17 2 1 5 4 0 0 0 0 0 2 0 6 1 1 0 0 0 0 0 1 0 0 1 0 0 0 0 0 0 6 0 15 8 0 0 1 4 1 3 31 38 1 0 4 1 0 0 0 1 5 64 15 0 0 0 0 1 7 1 2
0 0 2 1 5 10 4 2 4 1 5 7 4 3 0 3 16 23 11 1 1 1 0 1 0 0 0 1 0 7 11 7 14 0 41 14 0 0 1 1 4 3 5 0 0 0 0 1 21 3 0 1 0 1 0 0 0 0 2 0 1 0 0 1 0 2 0 14 15 1 0 0 1 0 3 4 1 0 0 1 11 2 0 1 1 6 25 6 0 0 0 1 5 57 4 6
2 2 0 3 4 2 0 0 1 1 29 1 16 2 0 8 24 57 50 3 1 0 1 1 1 1 0 0 0 10 17 0 1 0 2 0 0 0 0 0 0 0 1 7 9 0 0 1 34 12 0 0 0 0 0 0 1 0 1 1 0 0 0 0 1 2 0 0 1 0 0 1 0 0 0 1 1 4 2 8 2 0 0 0 0 0 0 2 1 1 2 0 16 3 49 32
4 2 0 0 0 1 16 3 12 3 0 2 3 0 0 0 3 15 7 0 1 0 1 0 1 8 1 1 2 11 1 0 0 0 1 0 0 0 1 0 0 0 0 8 9 4 2 1 0 0 1 0 2 0 0 1 0 0 0 0 0 2 1 0 2 2 0 0 0 0 1 0 1 0 0 4 4 2 2 18 1 0 0 0 0 0 2 14 25 3 1 0 1 3 14 6
0 1 8 0 0 1 1 7 7 5 4 1 0 0 0 0 0 1 0 0 0 0 0 2 0 2 22 3 1 0 0 0 0 0 1 1 0 0 0 0 0 0 11 0 0 0 8 2 1 0 0 1 9 0 0 1 0 1 0 1 0 1 0 0 3 1 0 0 11 7 2 1 0 2 5 18 1 3 9 58 16 21 35 1 1 20 62 61 57 20 2 1 0 22 43 54
0 0 18 1 0 1 8 12 0 2 0 2 0 0 1 0 0 1 2 0 0 1 0 0 0 0 0 0 0 0 0 1 0 0 0 0 0 0 0 0 0 1 37 0 0 0 4 8 5 1 0 0 0 2 20 0 0 2 1 0 1 0 0 2 0 0 0 0 0 1 1 0 1 0 0 3 12 6 3 11 3 30 74 21 2 26 89 84 68 33 2 23 11 48 14 51
0 1 2 0 0 5 58 57 63 0 3 4 1 0 0 2 0 0 0 1 0 0 0 0 0 0 0 0 0 0 0 0 0 0 0 10 4 0 0 4 0 3 3 0 0 0 1 1 4 6 2 0 1 0 1 1 0 0 0 0 0 0 1 13 6 0 4 4 2 5 3 3 3 1 0 1 0 1 1 5 0 32 92 68 54 28 41 71 50 7 27 32 60 16 1 18
1 3 9 0 0 24 86 86 73 7 0 1 0 0 1 0 0 0 0 2 0 0 0 0 0 0 0 0 0 0 0 0 0 0 0 0 2 1 1 1 0 0 0 0 0 0 1 0 0 0 5 4 0 1 1 0 1 0 0 0 0 0 2 14 7 13 9 26 0 1 1 2 4 2 1 2 7 4 5 3 0 41 97 81 84 91 98 98 80 75 86 77 87 79 3 18
1 0 0 0 0 37 72 29 67 34 0 0 0 1 1 36 31 1 0 1 0 0 0 0 0 1 0 0 0 0 1 0 0 0 0 0 1 0 1 0 0 0 0 1 3 0 0 0 2 1 1 3 6 1 2 4 3 3 3 2 0 0 5 19 10 16 15 0 1 0 1 0 0 0 1 1 19 0 3 2 5 32 57 44 58 72 89 93 89 68 81 67 95 31 1 1
0 0 4 5 0 3 5 0 21 14 1 0 13 4 18 89 43 7 0 1 0 1 1 0 0 4 2 0 0 0 0 0 0 0 2 2 0 0 2 0 0 0 4 36 10 0 0 1 0 0 0 0 0 1 0 1 0 0 2 0 0 0 2 6 0 4 14 0 0 0 0 0 0 1 3 0 1 0 1 15 62 49 44 55 45 22 7 64 83 52 86 87 70 68 38 5
18 16 60 24 0 2 6 0 3 0 0 9 8 6 0 36 43 1 3 19 2 0 0 0 0 0 1 0 0 0 0 2 0 0 1 0 0 0 3 0 0 1 0 1 0 1 3 0 1 1 0 2 0 0 1 0 0 0 0 0 0 0 3 6 0 2 12 21 0 0 1 1 1 0 1 23 0 0 0 19 19 1 10 9 4 1 16 96 70 77 84 85 31 48 80 22
22 16 41 36 3 3 5 6 3 1 1 0 1 0 1 1 28 6 1 1 0 0 0 0 0 1 1 0 0 0 0 0 2 3 41 42 5 1 1 1 0 0 0 0 0 0 0 0 0 8 2 0 0 1 0 0 0 0 0 0 0 2 5 5 1 2 7 34 1 0 1 2 6 8 0 2 0 0 1 1 1 1 3 14 5 11 43 93 76 54 36 13 8 28 20 83
2 12 17 0 1 1 1 6 2 0 0 1 3 0 0 1 1 1 1 0 0 0 0 0 5 1 0 0 1 0 4 0 5 28 38 47 8 1 0 0 0 0 2 0 0 0 0 0 2 65 12 0 0 0 1 0 0 0 0 2 0 16 36 58 40 10 35 45 8 12 20 0 0 2 3 11 1 4 0 1 0 2 3 2 6 7 0 31 35 44 1 2 1 1 15 76
0 0 1 0 1 0 2 1 0 2 0 0 1 0 0 2 0 0 0 0 0 0 0 0 0 0 0 3 1 2 4 2 0 0 0 0 0 0 1 0 1 2 0 0 0 1 2 1 0 29 2 1 1 1 2 1 1 1 0 1 2 7 62 93 85 30 67 86 60 12 1 2 0 3 0 17 24 0 0 1 18 39 8 2 2 1 4 24 3 15 1 4 2 0 43 20
1 0 5 3 25 1 5 1 0 1 0 0 1 1 0 4 2 0 0 0 0 0 0 0 0 0 0 0 0 0 0 0 0 0 0 0 1 0 1 0 0 0 0 1 0 0 0 0 0 0 0 2 0 3 32 3 0 2 2 2 0 6 83 94 43 16 1 32 52 52 13 1 4 14 3 2 1 1 0 0 25 38 1 0 0 3 2 35 27 1 0 1 29 12 1 10
2 3 17 4 7 6 5 6 1 0 0 5 19 8 1 0 0 0 0 0 0 0 0 0 0 0 0 0 0 1 0 0 0 1 1 0 0 0 0 0 0 0 1 0 1 1 0 1 0 0 0 0 1 0 0 0 0 2 1 0 0 24 84 80 20 2 1 0 1 3 0 0 0 2 0 4 0 5 3 1 1 2 0 2 1 0 4 6 2 0 0 4 40 11 2 75
0 0 0 5 2 25 59 63 2 3 3 3 2 3 0 0 0 0 0 2 0 0 0 0 0 0 0 0 0 0 0 0 0 0 0 0 0 1 0 0 0 1 1 18 7 1 0 1 0 0 0 1 0 1 0 0 0 2 0 1 2 69 6 7 5 12 10 0 2 4 2 2 1 1 0 10 6 1 2 4 33 47 2 1 1 2 2 3 22 2 0 1 1 16 18 29
0 1 0 2 2 3 85 42 0 1 0 0 1 1 0 0 0 6 25 2 3 1 1 0 0 0 0 0 0 0 0 0 1 0 0 4 0 0 0 6 1 0 0 4 0 0 0 5 0 1 3 1 1 2 0 0 0 10 6 1 5 14 2 8 0 3 8 2 0 0 0 0 0 0 6 7 4 7 0 0 0 0 0 0 1 1 0 0 4 2 1 0 7 1 0 21
0 0 18 3 0 11 35 50 2 0 1 1 0 16 8 1 4 44 29 0 2 0 3 4 1 2 0 0 0 2 1 2 1 0 0 1 0 0 4 3 1 1 1 0 0 0 0 6 0 0 0 0 0 1 0 0 0 3 2 24 3 1 3 6 3 0 4 13 1 0 1 0 1 25 64 56 18 44 8 1 0 0 1 0 0 0 0 1 2 2 0 3 12 18 2 10
0 9 12 0 1 0 15 39 1 4 2 6 2 1 10 30 70 75 1 0 1 0 3 10 0 0 1 0 0 1 0 2 0 0 0 0 1 0 8 23 1 1 1 0 0 0 0 2 0 0 1 0 0 0 0 0 1 3 17 34 13 6 19 6 0 0 1 1 3 0 0 1 3 7 17 63 80 4 17 1 1 2 0 2 2 1 1 0 2 0 1 1 1 2 4 16
0 16 10 0 1 22 4 0 2 3 4 0 2 1 2 5 80 66 3 0 4 0 0 0 0 0 2 2 0 0 1 19 47 2 3 0 1 0 5 10 1 10 5 0 1 0 0 0 0 1 0 0 1 1 1 0 0 0 1 19 0 1 9 1 0 0 2 1 1 0 3 2 0 0 3 4 19 0 1 1 5 2 0 0 1 2 0 0 5 1 0 1 1 0 1 2
1 46 50 25 4 1 2 2 1 0 2 0 0 2 0 3 10 2 3 5 3 0 0 0 1 0 1 5 1 1 1 7 24 1 0 0 0 0 1 0 0 0 0 0 0 0 1 0 0 0 0 0 0 0 0 0 1 0 1 2 1 3 2 0 0 3 0 0 17 1 0 2 1 0 1 1 2 0 1 1 8 46 3 0 0 4 1 1 3 1 3 1 1 0 2 5
37 75 72 42 2 2 1 7 2 0 5 1 1 0 2 31 0 0 1 1 1 2 0 0 0 0 2 2 0 0 1 0 0 0 1 1 0 0 3 0 0 0 0 1 0 0 0 0 0 0 0 0 0 0 2 1 0 0 0 0 1 0 1 0 0 0 1 0 41 16 0 2 1 1 1 3 0 1 1 0 4 13 29 15 7 1 0 0 3 2 0 3 1 1 7 20
73 96 60 13 0 0 13 6 20 1 0 0 2 5 2 1 0 0 2 9 8 6 1 2 2 0 2 0 0 0 0 0 0 0 0 0 0 0 1 0 0 0 0 0 0 0 1 0 0 0 0 0 0 0 0 0 0 0 0 0 0 0 8 0 1 0 0 1 2 0 0 0 0 0 7 11 2 0 0 2 1 5 6 10 6 1 1 1 3 1 0 5 35 2 0 0
72 85 7 1 2 0 18 5 12 1 0 0 2 0 2 0 0 1 0 4 5 0 0 1 0 0 1 1 2 4 1 0 0 0 0 0 0 0 0 6 2 0 0 0 0 0 0 0 0 1 1 0 0 0 0 0 0 0 1 0 0 0 0 0 0 0 0 0 1 1 0 0 1 0 0 0 3 2 0 0 1 4 11 3 1 1 0 4 1 0 0 7 62 2 2 0
13 34 25 4 1 0 1 1 0 0 0 2 1 0 1 3 3 2 3 0 0 0 0 0 0 0 0 0 3 15 0 15 3 0 0 0 0 0 1 7 0 0 0 0 0 0 0 0 0 0 0 0 0 0 0 0 0 0 0 0 0 0 0 0 0 0 0 0 1 2 1 0 1 0 0 0 0 8 30 0 3 79 58 4 1 0 1 1 2 1 2 11 12 3 7 57
1 10 4 0 0 0 0 3 0 0 1 2 0 0 8 10 4 32 9 0 0 0 0 0 0 0 0 0 0 8 1 16 0 0 0 0 0 0 0 0 8 0 1 0 0 0 0 0 0 0 0 0 0 0 1 0 0 0 0 0 1 1 2 0 0 0 0 0 0 0 0 0 2 0 1 0 0 7 7 37 61 71 21 0 2 1 0 19 80 48 4 16 13 7 4 28
1 16 9 5 1 0 1 0 12 8 1 1 1 3 1 7 20 2 0 0 0 0 0 0 0 0 0 0 0 0 1 0 0 0 0 0 3 0 0 2 16 1 0 0 0 4 1 1 0 0 0 0 0 1 13 0 2 1 0 0 0 3 2 1 1 0 0 0 0 0 0 1 0 0 0 1 3 78 83 78 91 95 43 1 3 5 13 21 32 17 8 2 1 3 2 30
0 53 32 12 5 1 1 36 2 0 0 0 0 0 0 0 2 0 0 0 0 0 0 0 0 0 0 0 0 0 1 0 0 0 0 0 1 0 0 0 0 0 0 0 0 0 0 0 0 0 1 0 0 0 1 0 1 0 0 0 0 4 0 0 0 1 0 0 0 0 0 0 1 0 0 0 28 82 85 91 95 28 45 46 3 6 8 5 9 7 0 1 0 1 3 26
