Data/Land Cover 1km/FME_656D6600_1589209169783_10689/temp/lcm2007_aggregate_classes_1km_gb_4.asc
ncols 700
nrows 1300
xllcorner 0
yllcorner 0
cellsize 1000
[rows 1125 to 1199 of 1300, columns 288 to 383 of 700]
32 64 47 79 74 62 80 95 83 72 40 16 68 43 35 21 47 84 69 65 69 38 66 52 25 40 42 43 3 10 12 0 9 0 0 0 0 0 0 0 0 0 0 0 0 0 0 0 0 0 0 0 0 0 13 38 34 41 57 38 32 7 37 40 36 32 9 2 47 8 1 2 4 17 18 9 0 5 26 42 42 45 50 41 47 20 23 37 52 50 16 34 12 55 33 45
41 56 76 77 88 82 56 42 62 89 73 72 68 58 67 57 40 61 74 55 95 85 72 63 53 36 58 27 8 21 1 0 1 0 0 0 0 0 0 0 0 0 0 0 0 0 0 0 0 0 0 0 0 19 34 41 22 47 34 41 22 30 42 39 55 27 46 12 2 3 0 2 0 4 12 3 5 2 17 39 58 55 33 38 47 14 29 30 62 36 31 23 29 34 34 35
6 35 54 78 71 74 54 42 74 93 87 81 88 84 66 97 41 78 59 68 70 52 65 29 29 42 13 37 38 9 5 0 0 0 0 0 0 0 0 0 0 0 0 0 0 0 0 0 0 0 0 0 0 8 25 17 21 35 40 38 35 29 23 32 24 31 56 64 28 4 0 0 0 12 8 4 9 16 10 4 42 36 28 37 30 54 43 61 35 33 70 28 65 32 44 45
0 16 87 85 63 38 54 27 62 68 30 73 67 72 92 68 50 44 73 29 65 40 38 51 34 23 30 10 23 7 2 0 0 0 0 0 0 0 0 0 0 0 0 0 0 0 0 0 0 0 0 0 8 13 50 68 76 39 40 27 37 41 26 2 20 29 27 59 13 0 2 14 2 2 11 19 31 23 11 13 36 18 55 37 33 71 54 61 80 84 67 36 67 36 40 41
0 0 41 79 45 60 40 77 81 61 31 15 70 75 70 52 46 67 62 41 64 63 44 22 8 37 38 22 37 14 9 0 0 0 0 0 0 0 0 0 0 0 0 0 0 0 0 0 0 0 2 14 8 11 64 68 65 55 4 10 14 27 50 33 25 20 19 54 26 5 12 9 7 13 15 30 41 49 39 33 58 26 29 39 44 61 53 34 57 54 42 35 53 56 53 49
0 0 5 36 70 47 77 77 63 44 48 12 36 26 31 53 69 70 81 76 57 22 16 14 14 12 57 36 33 23 6 0 0 0 0 0 0 0 0 0 0 0 0 0 0 0 0 0 0 0 22 82 40 51 71 67 58 79 42 30 45 21 25 25 32 17 46 48 29 15 13 22 16 28 43 44 42 58 45 62 19 61 33 41 55 65 77 79 88 63 74 26 51 30 28 27
0 0 0 36 54 19 80 67 54 12 17 20 25 49 60 38 24 39 45 67 42 31 11 5 1 15 17 28 19 26 12 0 0 0 0 0 0 0 0 0 0 0 0 0 0 0 0 0 0 1 44 43 49 50 79 88 85 73 51 75 12 27 5 47 37 21 44 27 14 5 9 54 19 8 13 45 8 2 21 34 14 47 67 64 63 63 62 66 50 55 39 56 46 31 32 13
0 0 0 0 6 4 13 30 19 9 4 15 25 36 44 8 26 50 45 60 23 15 7 4 7 15 0 3 24 15 0 0 0 0 0 0 0 0 0 0 0 0 0 0 0 0 0 0 0 49 80 73 47 53 58 85 67 72 44 57 26 33 31 22 52 30 26 41 35 28 11 18 8 21 50 38 35 42 27 18 17 40 45 73 61 53 38 68 59 51 26 49 30 41 17 20
0 0 0 0 0 0 0 0 0 0 3 5 5 6 17 21 3 10 32 43 15 9 8 3 0 0 0 0 0 0 0 0 0 0 0 0 0 0 0 0 0 0 0 0 11 24 55 44 53 69 70 79 50 51 35 77 63 77 15 1 12 48 55 41 55 58 59 68 47 39 31 31 35 22 39 51 44 34 16 12 7 29 33 67 29 63 30 16 40 43 51 17 23 37 10 37
0 0 0 0 0 0 0 0 0 0 0 0 0 0 0 7 0 3 1 0 0 0 0 0 0 0 0 0 0 0 0 0 0 1 3 0 0 0 0 0 0 0 0 0 3 63 58 89 79 66 60 64 86 57 26 36 57 30 7 4 12 48 42 51 56 65 85 75 69 47 58 34 32 49 68 62 50 19 19 6 30 25 3 18 9 15 25 9 25 38 59 17 41 25 38 28
0 0 0 0 0 0 0 0 0 0 0 0 0 0 0 0 0 0 0 0 0 0 0 0 0 0 0 0 0 0 0 0 0 0 3 0 0 0 0 0 0 0 0 0 0 39 34 65 46 50 57 60 58 61 74 62 28 2 12 36 44 68 64 52 75 52 60 64 38 51 38 37 61 63 68 36 28 13 23 3 6 46 49 32 22 6 6 12 39 44 62 28 27 13 58 53
0 0 0 0 0 0 0 0 0 0 0 0 0 0 0 0 0 0 0 0 0 0 0 0 0 0 0 0 0 0 0 0 0 0 0 0 0 0 0 0 0 0 0 0 0 18 23 7 15 57 65 69 58 56 73 30 51 59 31 40 30 56 48 45 85 74 52 57 46 42 73 70 59 42 29 27 33 24 21 15 17 55 58 65 26 21 19 38 63 65 50 23 23 66 47 5
0 0 0 0 0 0 0 0 0 0 0 0 0 0 0 0 0 0 0 0 0 0 0 0 0 0 0 0 0 0 0 0 0 0 0 0 0 0 0 0 0 0 0 0 4 4 10 9 4 4 37 65 47 73 67 88 63 50 55 29 62 56 73 71 82 72 77 73 57 42 47 68 57 38 39 9 22 10 18 37 20 42 72 53 36 32 39 15 25 39 26 36 57 20 32 22
0 0 0 0 0 0 0 0 0 0 0 0 0 0 0 0 0 0 0 0 0 0 0 0 0 0 0 0 0 0 0 0 0 0 0 0 0 0 0 0 0 0 0 0 2 3 8 8 57 46 55 58 41 49 44 60 68 43 34 37 49 41 38 55 46 61 69 56 47 29 43 45 23 26 44 20 26 15 11 21 29 17 66 10 14 19 35 52 49 29 53 70 39 34 31 25
0 0 0 0 0 0 0 0 0 0 0 0 0 0 0 0 0 0 0 0 0 0 0 0 0 0 0 0 0 0 0 0 0 0 10 3 0 0 0 0 0 0 0 4 14 20 72 56 34 38 59 64 65 59 36 51 49 34 43 51 40 41 31 47 71 59 52 73 23 2 44 31 31 19 54 32 54 37 37 43 39 31 23 34 34 60 54 61 59 72 52 46 62 60 28 52
0 0 0 0 0 0 0 0 0 0 0 0 0 0 0 0 0 0 0 0 0 0 0 0 0 0 0 0 0 0 0 0 0 0 0 0 0 0 0 0 0 0 0 23 10 23 72 35 38 40 44 36 52 32 12 40 37 21 22 49 36 37 26 17 44 73 70 38 0 9 22 41 31 25 47 34 35 62 43 49 24 29 36 28 26 26 14 40 36 54 37 42 35 91 66 48
0 0 0 0 0 0 0 0 0 0 0 0 0 0 0 0 0 0 0 0 0 0 0 0 0 0 0 0 0 0 0 0 0 0 0 0 0 0 0 0 7 17 11 21 9 10 31 17 40 48 55 60 47 28 38 51 56 40 16 11 22 33 50 41 34 67 59 37 32 43 47 31 48 50 39 38 24 50 49 57 47 61 32 30 33 23 32 27 19 40 37 62 39 39 59 26
0 0 0 0 0 0 0 0 0 0 0 0 0 0 0 0 0 0 0 0 0 0 0 0 0 0 0 0 0 0 0 0 0 0 0 0 0 0 0 0 0 13 14 9 8 30 52 42 33 60 64 69 40 49 21 44 30 31 2 0 9 34 27 55 17 34 41 53 76 66 39 53 61 74 36 29 48 60 42 20 15 42 16 42 10 15 11 33 11 44 35 52 51 46 30 81
0 0 0 0 0 0 0 0 0 0 0 0 0 0 0 0 0 0 0 0 0 0 0 0 0 0 0 0 0 0 0 0 0 0 0 0 0 0 0 0 0 13 47 6 13 29 46 32 36 55 26 28 39 21 15 34 30 51 29 51 51 78 51 62 24 40 30 68 46 47 46 46 17 8 60 63 40 28 39 39 29 25 18 47 26 28 4 29 47 32 32 18 39 50 44 71
0 0 0 0 0 0 0 0 0 0 0 0 0 0 0 0 0 0 0 0 0 0 0 0 0 0 0 0 0 0 0 0 0 0 0 0 0 0 0 0 0 10 67 65 43 56 74 49 58 46 34 59 68 54 40 54 6 32 55 59 57 73 59 52 64 79 65 61 47 20 35 55 25 13 23 30 43 51 45 26 27 8 42 35 24 12 30 50 49 39 19 10 50 18 44 61
0 0 0 0 0 0 0 0 0 0 0 0 0 0 0 0 0 0 0 0 0 0 0 0 0 0 0 0 0 0 0 0 0 0 0 0 0 0 0 0 0 14 41 47 47 40 60 66 76 48 60 54 45 72 50 37 44 39 45 35 23 80 65 50 84 92 64 32 37 34 24 45 72 74 67 49 44 21 7 18 34 38 25 15 29 54 38 49 40 36 49 72 47 34 62 37
0 0 0 0 0 0 0 0 0 0 0 0 0 0 0 0 0 0 0 0 0 0 0 0 0 0 0 0 0 0 0 0 0 0 0 0 0 0 0 0 0 29 45 70 69 50 56 65 67 88 62 49 44 70 44 41 29 8 25 69 52 63 73 39 58 52 77 75 66 57 48 53 26 32 42 23 46 30 30 28 36 62 6 4 52 46 18 31 56 29 32 68 26 21 13 44
0 0 0 0 0 0 0 0 0 0 0 0 0 0 0 0 0 0 0 0 0 0 0 0 0 0 0 0 0 0 0 0 0 0 0 0 0 0 0 0 0 34 36 48 58 55 43 60 54 73 76 73 58 40 69 66 66 67 50 59 85 62 57 42 68 62 77 65 62 44 61 23 50 48 62 58 49 24 9 22 51 48 26 11 33 7 58 29 20 33 18 25 12 7 65 46
0 0 0 0 0 0 0 0 0 0 0 0 0 0 0 0 0 0 0 0 0 0 0 0 0 0 0 0 0 0 0 0 0 0 0 0 0 0 0 0 0 0 52 65 60 54 66 57 51 73 86 82 79 66 82 66 65 78 62 70 82 76 86 43 64 72 35 18 68 49 54 34 43 55 42 49 27 25 12 34 21 38 26 7 15 27 27 43 7 44 61 36 43 50 85 66
0 0 0 0 0 0 0 0 0 0 0 0 0 0 0 0 0 0 0 0 0 0 0 0 0 0 0 0 0 0 0 0 0 0 0 0 0 0 0 0 0 1 20 51 53 38 53 61 67 64 59 77 66 59 89 54 62 70 75 58 61 56 76 80 63 76 61 37 60 61 65 52 34 45 48 63 48 31 45 64 61 49 24 19 7 24 50 49 12 39 40 10 55 57 57 55
0 1 0 0 0 0 0 0 0 0 0 0 0 0 0 0 0 0 0 0 0 0 0 0 0 0 0 0 0 0 0 0 0 0 0 0 0 0 0 0 0 0 2 28 52 49 42 88 74 73 85 90 70 54 65 74 82 88 94 94 76 70 86 82 77 44 37 70 57 45 73 55 69 59 25 35 36 37 37 75 42 34 49 27 11 44 65 42 49 50 29 7 52 48 44 47
0 24 19 21 25 13 1 3 0 0 0 0 0 0 0 0 0 0 0 0 0 0 0 0 0 0 0 0 0 0 0 0 0 0 0 0 0 0 0 0 0 0 2 21 46 35 82 74 63 52 85 89 71 50 82 53 83 87 74 78 74 74 80 75 46 63 53 39 15 68 63 60 61 42 36 58 65 54 52 66 58 53 42 39 29 15 13 41 44 7 34 39 37 28 24 45
8 13 17 4 18 55 11 7 9 0 0 0 0 0 0 0 0 0 0 0 0 0 0 0 0 0 0 0 0 0 0 0 0 0 0 0 0 0 0 0 0 0 35 7 10 44 67 61 75 66 69 76 72 60 64 42 54 72 64 88 65 74 82 68 45 50 63 23 14 52 46 46 41 48 56 65 52 55 46 53 40 26 22 31 37 49 18 64 45 11 25 71 73 79 29 35
7 21 28 47 60 41 50 21 3 1 2 6 0 0 0 0 0 0 0 0 0 0 0 0 0 0 0 0 0 0 0 0 0 0 0 0 0 0 0 26 13 31 71 54 42 53 62 47 81 78 74 72 67 71 81 56 73 68 59 79 76 84 78 76 33 20 41 43 33 45 55 51 80 89 80 61 56 65 41 48 71 52 15 41 73 45 11 41 48 34 62 50 53 67 44 37
3 4 30 15 30 12 12 11 3 14 32 21 0 0 0 0 0 0 0 0 0 0 0 0 0 0 0 0 1 10 1 5 23 29 23 25 20 20 28 28 2 45 50 64 58 53 56 65 87 78 85 94 76 67 39 85 86 61 57 79 79 54 67 48 63 31 11 49 33 25 31 59 38 67 72 67 57 62 49 36 71 30 16 26 27 50 47 61 73 60 66 48 55 46 57 30
17 0 15 20 46 16 2 0 10 12 13 7 3 0 0 0 0 0 0 0 0 0 0 0 0 9 11 3 22 7 10 31 12 7 36 47 39 39 18 14 20 40 33 36 45 51 71 79 73 70 67 85 87 50 49 49 50 19 22 54 78 83 67 62 43 50 27 74 46 52 48 51 37 66 77 64 53 62 39 47 30 0 10 27 19 64 49 37 56 41 57 37 41 32 47 31
13 5 0 1 28 42 25 26 13 5 8 16 19 18 4 27 16 12 14 1 3 3 0 9 2 73 27 43 18 14 20 40 26 12 18 33 12 16 15 38 34 14 13 30 49 46 73 72 62 78 79 72 77 48 70 77 37 33 61 82 69 74 38 58 55 63 48 40 18 19 42 25 35 4 27 64 63 24 21 48 19 22 17 30 42 66 44 54 57 54 36 2 36 46 30 0
21 13 0 2 34 35 46 31 24 10 4 13 26 10 8 69 51 34 16 30 38 25 5 16 5 31 27 47 21 34 47 19 20 24 42 15 3 7 39 41 41 33 25 26 49 38 62 66 59 56 79 77 77 39 71 75 84 84 79 77 87 86 74 83 52 68 89 51 41 21 38 45 53 51 32 50 36 35 68 58 39 41 34 56 44 54 24 54 20 53 57 26 13 76 24 1
0 0 6 9 55 58 34 29 37 1 18 18 15 12 15 5 11 15 0 12 24 6 11 11 0 1 12 36 17 31 20 15 37 14 32 8 18 44 40 45 7 11 41 17 36 36 17 54 25 59 57 67 45 21 18 52 74 64 90 76 65 69 75 72 38 62 98 62 47 51 40 59 49 49 33 64 14 56 83 80 65 61 35 53 33 24 68 41 29 57 46 3 25 35 59 35
23 60 33 78 83 58 35 40 14 0 0 23 17 12 28 18 27 5 9 9 27 40 12 12 1 7 2 22 47 56 9 18 19 5 21 16 24 29 58 18 52 55 23 47 34 35 14 35 53 45 58 80 65 21 10 9 16 31 15 71 78 84 57 62 77 62 87 76 62 53 17 55 65 46 39 62 72 72 68 56 52 69 32 50 37 39 60 64 50 43 15 28 43 48 48 70
55 73 67 52 40 47 29 41 34 7 2 20 42 27 5 23 50 40 25 14 13 48 60 48 13 5 3 4 9 56 45 17 4 16 17 26 17 29 39 39 39 27 5 30 43 29 39 51 19 56 44 40 29 14 31 27 12 6 4 39 88 45 30 55 72 70 80 72 48 43 39 72 61 32 47 30 48 64 41 59 48 80 79 72 60 43 48 39 38 13 5 25 44 41 45 33
78 62 47 68 49 42 33 55 63 61 26 39 34 12 20 19 26 21 36 4 12 38 71 31 51 3 0 2 4 36 74 35 50 15 32 19 36 23 25 23 20 27 27 8 66 50 43 12 21 14 40 57 32 34 30 23 34 44 36 73 63 29 40 69 63 58 75 59 57 48 58 36 37 41 16 62 46 59 68 37 46 44 67 68 59 84 39 48 28 26 53 50 37 24 31 59
44 57 50 31 80 62 57 32 39 56 49 31 7 16 63 26 12 46 20 22 52 46 76 70 67 74 15 52 13 1 17 44 59 50 42 23 35 4 11 17 13 5 10 14 41 24 22 73 61 36 54 57 24 64 33 31 46 55 47 61 55 85 92 66 54 69 76 70 62 69 81 60 65 30 47 52 26 49 50 30 43 34 43 58 66 71 67 32 19 52 24 8 10 28 21 30
49 51 76 50 59 58 74 49 19 18 14 30 62 39 32 32 47 33 8 8 27 30 72 39 56 74 61 46 23 0 0 39 45 26 40 22 24 34 48 17 20 33 5 7 13 53 46 79 50 78 62 74 52 44 65 43 67 52 45 16 10 54 78 71 69 76 52 40 41 53 53 72 54 53 52 13 40 40 43 43 55 71 22 66 74 81 57 20 56 68 42 9 22 35 2 9
65 61 44 62 66 87 85 94 71 55 31 30 54 40 15 20 42 34 21 46 53 39 57 60 56 65 71 52 4 8 44 27 14 15 42 41 28 28 19 34 44 20 16 23 57 21 22 58 65 77 61 60 17 11 64 59 35 77 51 29 27 20 49 71 78 71 40 30 51 60 52 51 30 49 72 76 68 58 65 77 66 50 30 73 77 90 18 7 16 41 31 4 5 16 5 44
5 46 42 63 66 85 92 97 79 80 66 81 93 71 42 47 81 77 71 34 76 58 59 69 40 49 42 63 29 13 15 42 32 22 33 41 61 39 35 28 13 26 22 48 45 39 31 37 15 39 69 61 60 59 67 74 83 57 60 27 30 13 22 14 45 58 55 68 68 63 29 52 64 86 82 82 57 39 80 62 39 34 44 50 39 50 29 8 28 38 26 11 0 1 15 32
19 7 47 40 42 87 83 87 70 87 85 70 88 90 91 86 75 88 70 80 84 48 59 50 53 46 8 31 41 66 48 35 21 44 22 31 27 19 44 20 6 16 30 29 59 54 83 45 56 43 55 69 35 63 92 92 75 67 59 82 54 38 17 25 39 51 63 75 82 68 44 54 74 80 81 42 24 39 71 65 48 44 44 74 71 64 17 38 77 10 20 5 2 5 13 3
50 35 89 62 61 86 91 88 62 75 87 98 88 69 86 62 67 66 58 55 94 75 73 64 35 77 69 30 17 61 20 6 7 21 16 24 34 30 9 3 10 25 14 3 67 66 52 76 59 55 32 82 76 57 74 75 73 66 43 69 43 61 0 10 18 37 60 48 59 65 55 19 51 34 47 44 27 42 19 58 30 17 50 50 81 76 15 40 42 29 12 11 21 22 35 17
72 64 81 81 48 69 98 85 78 55 89 97 90 91 82 85 37 94 67 65 59 70 60 71 65 40 59 34 3 14 26 47 50 40 24 31 27 30 30 35 9 22 37 48 81 66 39 53 68 61 56 73 56 29 54 62 72 81 41 56 72 39 0 5 29 13 20 32 34 49 45 50 35 36 68 73 53 56 35 34 37 35 34 51 72 64 41 71 58 50 39 47 68 63 35 56
75 87 74 88 52 72 95 75 63 33 92 87 87 83 65 46 82 69 56 72 50 81 73 87 71 84 73 63 27 22 36 69 29 29 65 66 24 27 10 14 13 10 49 60 75 75 34 51 62 76 73 90 21 26 60 57 62 78 40 26 62 14 2 4 29 11 14 11 26 49 73 42 28 52 57 48 39 28 60 59 67 62 75 55 55 74 73 62 55 56 69 71 66 48 82 78
23 28 43 85 62 64 30 19 36 44 84 87 82 75 97 80 78 72 66 69 68 87 63 60 49 82 64 39 31 29 35 31 37 19 24 50 51 63 50 38 5 42 46 66 76 50 51 69 54 60 44 46 32 38 49 52 9 28 27 36 20 9 10 11 24 29 44 51 49 33 41 72 76 55 39 67 52 77 39 47 46 40 84 57 55 66 72 69 66 49 49 85 84 61 56 87
90 79 60 34 65 37 23 35 33 45 31 55 70 55 82 54 53 48 82 73 68 52 72 64 34 45 39 10 54 16 25 10 39 19 29 28 50 51 50 28 3 8 31 53 38 47 55 63 27 51 52 64 57 27 27 28 37 46 35 40 15 21 13 37 48 39 6 33 34 67 42 37 75 66 56 82 22 47 30 57 36 43 31 19 46 60 79 60 18 6 42 59 63 63 51 58
91 65 90 46 60 67 58 57 85 89 92 90 55 64 65 72 46 28 78 62 35 61 60 29 40 16 11 18 16 44 29 43 54 21 27 23 16 21 14 26 31 9 37 26 62 46 38 49 60 49 44 52 56 38 31 25 21 33 14 38 19 16 29 27 20 12 0 3 9 26 6 32 69 26 13 35 21 37 27 31 72 63 53 55 71 43 48 64 55 23 19 22 28 84 82 83
88 79 70 75 33 44 66 67 84 31 65 73 51 82 83 79 64 74 76 71 80 50 35 50 50 32 27 21 3 24 23 11 26 43 11 11 7 33 29 32 45 45 41 72 28 15 40 59 55 40 18 6 8 47 35 22 30 30 43 10 0 6 10 28 18 13 11 6 3 4 13 32 51 44 21 14 27 16 31 21 60 51 69 49 73 54 23 51 54 29 35 53 21 47 69 83
57 65 59 63 68 89 80 73 63 66 82 78 77 86 58 74 87 70 92 82 73 31 16 42 31 17 39 22 13 36 18 18 9 7 4 5 10 17 32 22 44 39 30 13 11 30 59 28 41 39 19 11 3 26 39 19 19 28 35 25 6 5 13 13 4 6 23 14 16 22 43 47 77 44 42 44 18 15 30 33 52 69 85 84 73 75 64 35 61 67 45 78 41 49 63 65
78 65 75 56 75 71 82 85 72 91 92 80 70 60 77 77 75 73 84 86 32 55 58 24 26 17 34 34 21 42 32 7 9 8 2 9 6 14 20 33 44 16 15 15 18 55 61 36 11 18 12 34 37 43 49 63 48 28 53 76 68 47 58 4 36 58 28 23 8 51 63 41 62 43 74 62 60 48 45 30 42 70 44 52 74 43 49 76 40 83 82 34 40 67 75 44
85 78 63 79 38 56 86 85 86 81 77 44 67 80 91 82 87 81 72 59 49 48 36 36 18 8 24 19 23 18 40 27 6 10 2 21 12 15 14 20 11 7 36 24 33 40 32 17 3 2 2 12 13 38 49 35 55 48 51 75 43 29 18 57 26 41 43 39 26 23 50 61 36 8 25 60 60 67 79 70 69 59 66 65 70 89 81 86 66 58 60 64 54 69 63 69
74 84 82 47 69 66 81 59 74 75 77 71 54 68 84 83 96 82 85 81 61 84 36 64 52 7 34 55 55 17 37 49 21 31 3 23 22 31 32 20 13 27 30 7 10 18 18 12 1 23 41 5 19 25 48 61 55 36 37 67 43 23 40 57 34 45 34 26 15 17 80 59 50 43 59 83 57 24 31 56 60 42 29 53 75 73 68 69 67 69 69 43 45 73 14 62
83 72 89 62 30 50 78 44 74 88 66 72 67 66 79 77 74 70 65 75 70 86 83 83 33 6 25 20 16 30 11 27 23 13 15 47 10 16 31 36 25 26 30 13 10 22 15 40 30 8 15 15 51 53 52 41 50 21 13 19 15 38 38 65 39 33 10 9 33 21 61 48 41 45 60 41 75 58 71 59 46 45 41 61 60 58 72 78 55 34 66 44 52 78 68 64
54 38 51 43 36 29 43 47 61 84 46 57 60 65 84 71 80 25 53 51 51 76 64 49 24 13 24 32 29 49 31 22 34 38 17 10 1 7 13 54 38 31 22 10 21 17 23 38 45 26 19 53 69 31 47 63 22 45 34 40 56 34 18 19 44 49 17 2 33 54 28 49 40 55 38 15 41 55 76 63 20 70 67 51 71 42 29 35 47 30 26 27 34 30 56 73
77 76 62 64 80 72 65 71 62 62 79 53 65 80 80 82 81 52 50 46 61 59 61 62 14 48 21 20 34 49 47 48 35 40 29 25 7 12 9 30 21 44 44 53 47 27 28 33 32 30 58 45 49 15 41 47 46 43 39 54 26 32 35 49 45 53 47 42 12 63 32 22 30 46 29 34 31 50 34 41 25 29 42 50 44 73 58 55 37 28 64 29 23 54 59 48
64 66 49 64 64 39 39 38 72 64 83 92 45 72 64 72 90 63 23 63 53 56 55 43 34 27 41 36 37 40 21 19 39 26 17 34 41 28 9 10 38 34 29 28 31 32 58 25 29 49 24 51 42 24 38 25 51 40 22 36 14 24 30 70 46 43 21 21 23 75 61 26 33 30 31 44 34 33 27 37 50 17 24 18 25 64 39 64 78 48 9 23 62 42 42 69
77 71 72 60 65 34 43 39 50 77 50 53 91 86 80 77 78 64 33 76 73 55 71 25 18 10 6 5 37 25 8 15 10 20 22 30 15 29 13 21 18 31 29 22 30 8 28 28 16 11 33 36 27 13 27 29 47 13 47 21 17 12 45 8 34 38 18 38 16 22 45 49 44 12 49 30 30 48 40 74 27 33 5 3 35 24 51 35 43 46 12 24 55 42 63 67
85 61 84 62 64 69 42 45 36 46 69 66 64 60 85 50 47 69 73 62 32 37 55 7 15 27 51 55 49 28 7 41 12 29 13 39 19 38 5 11 17 25 27 65 53 23 36 45 10 13 31 7 7 23 29 6 11 36 17 42 47 24 45 22 16 10 5 12 17 19 17 35 49 13 24 21 31 46 36 9 16 37 45 43 70 20 49 82 66 34 22 20 68 74 77 69
76 70 75 56 70 70 72 59 40 59 58 53 77 80 79 73 83 74 59 55 70 58 25 23 47 28 46 22 36 34 23 9 23 45 38 33 61 39 34 40 39 54 47 50 19 10 21 30 2 16 0 3 8 10 40 23 17 34 41 26 22 28 41 19 9 44 27 11 41 24 1 14 9 29 26 41 17 21 7 23 73 66 31 25 19 38 65 41 46 42 36 27 61 67 50 48
43 49 28 41 55 84 66 45 42 37 55 52 66 52 62 57 67 41 29 73 69 84 42 47 79 40 68 43 40 33 19 16 23 33 55 38 40 57 42 28 39 40 60 39 48 57 44 21 9 19 10 6 18 33 42 46 34 41 45 37 18 38 29 27 14 20 24 52 53 69 46 12 20 34 25 9 19 59 49 46 41 3 2 42 60 38 50 20 60 80 39 50 70 51 40 13
39 55 32 42 24 47 51 17 6 50 59 50 26 74 39 95 64 68 45 80 96 76 25 23 41 23 42 27 37 27 34 29 56 38 10 40 39 38 37 42 34 24 16 28 30 52 61 62 26 15 12 28 36 13 28 54 46 58 46 55 66 43 64 34 45 39 60 28 35 71 62 32 18 19 56 21 35 45 44 66 52 8 19 26 50 57 73 55 56 47 46 54 19 20 39 39
13 51 25 49 33 47 36 8 8 23 36 31 56 66 68 75 60 78 49 49 59 60 14 27 23 34 35 46 36 47 34 32 44 45 28 38 30 34 39 52 37 46 28 16 12 28 11 23 25 56 56 29 25 6 30 46 47 73 62 44 45 57 26 53 56 44 49 43 16 15 45 37 7 28 45 39 67 48 45 61 43 16 39 31 48 53 49 50 62 55 74 48 50 20 64 42
39 60 32 56 30 14 31 21 30 17 49 32 10 59 65 31 66 83 49 48 56 64 70 57 38 57 41 42 34 27 13 30 44 47 22 55 26 22 27 45 48 66 55 46 20 23 8 44 6 39 22 33 45 27 17 35 39 55 47 45 84 66 62 17 32 60 56 52 46 27 34 63 50 58 38 45 76 60 68 63 61 82 86 47 57 61 60 54 49 53 57 54 75 55 60 51
49 54 31 32 29 16 31 52 53 36 26 56 45 40 27 24 47 45 34 42 59 35 63 56 48 52 56 70 38 25 37 27 42 71 42 17 43 47 52 30 45 72 39 40 25 28 14 16 31 19 16 24 5 8 25 40 29 24 17 45 35 62 58 26 47 33 41 62 48 27 43 65 75 35 40 38 58 45 58 67 34 78 66 74 47 55 70 50 57 72 71 66 64 51 55 40
25 53 40 58 46 43 45 20 50 45 38 23 32 20 27 29 13 29 32 14 50 28 47 33 44 10 43 37 80 66 72 63 34 52 19 27 45 58 30 40 41 37 10 18 9 18 28 15 46 15 47 41 12 39 58 24 8 22 28 16 10 31 22 19 26 49 60 64 41 38 49 71 33 51 57 53 57 50 78 46 50 54 26 48 9 75 90 61 40 85 78 67 46 21 15 11
39 45 51 39 49 42 27 30 46 19 25 7 12 17 43 9 13 20 8 12 42 24 33 60 28 56 56 19 44 39 43 38 65 41 36 34 42 56 45 22 47 22 8 19 13 10 18 55 34 43 47 30 56 45 34 38 27 3 38 32 18 13 21 33 44 61 73 69 26 43 55 53 42 66 58 53 69 64 61 69 62 83 47 64 18 58 71 47 76 60 79 49 23 24 2 1
39 27 42 38 46 27 44 39 59 59 26 33 44 19 22 50 45 14 20 40 50 24 38 30 19 52 40 28 72 21 54 37 59 18 23 40 58 62 15 29 28 35 38 1 17 38 38 35 32 45 31 60 44 39 34 48 24 31 38 12 14 2 6 25 41 64 69 48 38 67 37 49 75 68 76 71 66 60 54 62 45 73 39 65 19 36 53 74 69 56 80 76 40 24 3 2
46 43 39 31 38 35 40 43 25 27 44 42 42 22 18 54 47 40 36 36 62 31 57 40 49 30 48 60 59 29 35 33 20 60 39 31 42 38 25 24 12 33 45 22 55 45 24 46 51 29 50 58 45 42 60 67 42 28 47 33 20 31 36 32 39 54 60 49 31 64 56 50 34 84 55 54 77 45 20 53 66 45 58 59 38 40 28 53 59 68 53 44 40 27 7 1
24 25 47 35 65 53 56 51 21 49 43 56 30 20 17 37 47 42 62 27 35 59 70 40 28 35 52 58 51 51 47 52 49 35 44 36 34 49 42 26 23 23 51 17 38 25 45 41 26 21 48 35 27 47 60 69 54 65 40 28 24 28 28 36 50 61 63 78 47 40 52 69 53 48 50 76 60 51 55 78 70 79 46 76 68 57 66 36 55 53 16 15 9 18 27 29
32 29 38 45 49 33 22 21 50 19 21 42 34 56 17 15 47 47 40 34 36 6 16 17 48 28 39 56 65 34 41 33 57 57 44 49 38 59 53 37 42 56 37 34 44 32 16 11 8 26 31 21 31 48 46 47 20 24 28 15 28 18 34 60 46 54 72 74 39 42 37 57 62 81 46 62 22 15 41 67 54 61 79 64 56 41 10 25 44 41 36 21 62 57 38 39
30 29 23 49 40 37 4 31 47 26 32 44 37 42 19 25 31 27 51 26 37 19 21 41 67 72 41 53 48 71 50 24 63 52 50 39 24 38 43 32 20 41 34 42 64 23 26 11 3 49 38 28 47 49 40 44 42 24 41 29 49 45 32 33 54 58 49 68 58 44 65 63 68 64 45 43 26 20 33 56 66 57 39 35 47 66 34 38 67 52 65 24 39 25 23 25
23 17 19 35 45 24 7 25 25 28 50 44 33 44 38 45 49 35 42 27 32 32 33 63 60 58 51 38 57 54 30 57 59 20 11 47 49 28 27 45 42 52 53 37 38 46 33 20 25 61 58 59 25 42 51 41 45 55 54 56 47 38 41 25 54 55 53 77 70 48 52 85 65 31 43 74 22 40 26 37 40 56 54 42 19 44 63 44 28 35 24 32 17 22 7 17
12 8 0 37 24 10 14 3 26 29 30 20 25 23 41 37 43 38 57 35 26 14 38 61 43 55 54 32 60 39 34 63 30 17 52 56 43 36 58 34 34 41 56 65 18 27 39 39 60 40 42 50 49 24 55 12 59 56 53 17 16 15 27 42 76 77 36 55 46 45 62 87 72 49 21 60 43 53 36 33 20 40 49 15 3 54 51 35 20 58 65 40 22 21 1 41
5 13 12 31 28 17 3 3 28 24 2 16 13 49 31 61 53 36 34 34 36 29 40 41 30 45 40 12 2 26 26 31 56 41 58 47 52 43 38 68 24 42 51 30 31 24 43 36 27 54 50 60 61 53 26 42 43 50 40 21 39 35 23 45 48 64 67 52 23 64 72 74 82 61 23 72 47 23 64 20 34 53 72 40 8 28 16 57 43 53 72 41 53 27 15 23
