Data/Land Cover 1km/FME_656D6600_1589209169783_10689/temp/lcm2007_aggregate_classes_1km_gb_3.asc
ncols 700
nrows 1300
xllcorner 0
yllcorner 0
cellsize 1000
[rows 546 to 623 of 1300, columns 288 to 383 of 700]
0 0 5 7 17 11 0 0 2 7 2 3 0 0 0 0 0 0 0 0 0 0 4 4 0 5 0 0 1 0 2 1 1 1 0 1 17 19 48 6 9 41 51 39 43 42 40 37 84 83 34 66 93 95 89 90 77 79 32 82 94 31 1 18 46 67 60 18 0 2 7 23 45 85 98 74 20 71 38 99 98 83 54 23 0 0 0 0 0 0 0 0 0 0 0 0
7 4 6 12 3 11 16 13 12 23 9 10 0 0 0 0 0 0 0 0 0 0 2 12 2 1 3 0 5 4 0 9 0 0 5 5 40 52 69 31 25 29 25 36 31 0 22 62 65 97 64 47 81 89 54 52 86 71 58 44 12 0 52 69 84 78 71 61 73 72 31 29 98 98 78 84 72 98 91 90 97 51 0 0 0 0 0 0 0 0 0 0 0 0 0 0
11 2 0 2 0 1 20 17 18 49 13 21 8 0 0 0 0 0 0 0 0 0 0 2 0 2 11 2 35 20 7 1 11 0 2 0 1 30 24 31 3 29 24 62 37 40 72 74 79 94 68 40 82 95 70 62 47 16 19 79 41 38 23 30 23 79 77 68 88 54 54 77 99 100 97 96 96 100 99 99 65 3 0 0 0 0 0 0 0 0 0 0 0 0 0 0
6 4 0 0 0 0 0 0 0 7 23 23 7 0 0 2 0 0 0 0 0 0 0 0 0 0 10 3 4 0 0 1 1 18 1 1 1 16 18 27 28 36 41 72 51 44 39 44 43 35 58 53 53 52 41 62 16 0 5 41 53 71 57 84 94 65 41 41 44 100 100 89 85 88 80 98 81 94 89 77 67 1 0 0 0 0 0 0 0 0 0 0 0 0 0 0
1 0 0 0 0 0 0 0 0 0 12 32 10 0 0 0 0 0 0 0 0 0 1 0 0 0 0 7 3 0 0 0 2 0 0 20 26 29 27 33 19 14 18 26 15 38 55 30 25 37 5 52 62 74 65 50 62 7 37 68 89 47 25 72 93 77 72 59 64 81 68 48 69 73 95 84 75 58 77 100 95 4 0 0 0 0 0 0 0 0 0 0 0 0 0 0
0 0 0 0 0 0 0 0 0 0 0 40 23 0 0 0 0 1 0 0 0 0 2 0 0 1 1 0 16 1 1 2 3 0 23 40 17 26 20 35 78 54 31 63 57 94 90 59 41 19 2 57 79 87 94 82 91 53 72 76 84 60 82 80 33 56 88 93 98 81 53 88 91 50 74 72 81 97 94 75 97 79 31 0 0 0 0 0 0 0 0 0 0 0 0 0
0 0 0 0 0 0 0 0 0 0 0 43 27 4 0 0 0 1 0 0 0 0 0 0 0 2 12 2 38 20 8 3 39 15 57 63 61 68 37 85 61 92 76 88 80 82 93 69 75 62 2 70 69 76 81 66 92 100 83 56 57 73 95 93 74 63 66 88 85 98 83 95 79 60 35 55 71 88 75 62 91 98 25 0 0 0 0 0 0 0 0 0 0 0 0 0
0 0 0 0 0 0 0 0 0 0 0 12 3 0 0 0 0 3 1 0 1 1 29 18 37 23 43 3 0 0 26 63 41 65 60 57 60 56 42 76 80 78 71 88 91 70 72 56 53 57 6 38 78 92 63 77 82 88 55 35 49 66 76 74 70 69 69 68 95 95 90 97 99 70 57 77 85 83 89 100 89 66 0 0 0 0 0 0 0 0 0 0 0 0 0 0
0 0 0 0 0 0 0 0 0 0 0 6 28 0 0 0 0 0 0 0 4 5 16 49 33 19 42 29 52 14 20 42 79 61 97 90 74 62 49 43 53 78 93 93 72 75 16 15 15 38 51 56 50 65 72 70 73 64 3 45 19 31 99 62 76 96 91 98 71 87 96 93 80 96 20 52 79 49 62 100 96 8 0 0 0 0 0 0 0 0 0 0 0 0 0 0
0 0 0 0 0 0 0 0 0 0 0 1 19 0 0 0 0 7 0 0 40 14 12 23 38 19 6 19 41 24 17 56 71 47 86 76 69 79 63 65 73 88 52 72 79 65 21 18 12 24 63 38 19 1 29 64 76 56 83 89 16 59 47 85 37 91 54 66 75 92 88 87 90 91 50 78 97 51 72 98 28 0 0 0 0 0 0 0 0 0 0 0 0 0 0 0
0 0 0 0 0 0 0 0 0 0 0 0 7 3 4 2 1 17 0 16 26 25 58 28 54 61 25 23 41 22 17 22 86 97 68 88 77 96 84 96 65 67 77 57 85 31 21 1 0 30 62 17 0 9 62 88 83 72 70 76 58 66 60 94 87 63 95 56 88 95 81 96 77 36 7 52 90 64 96 63 1 0 0 0 0 0 0 0 0 0 0 0 0 0 0 0
0 0 0 0 0 0 0 0 0 0 0 0 0 0 1 8 0 0 2 21 10 39 43 60 29 96 87 92 29 7 22 41 59 93 81 74 97 67 63 96 92 85 98 45 21 3 26 5 11 28 16 3 1 12 87 70 80 73 73 37 57 66 86 42 98 96 82 96 77 78 99 89 55 87 15 5 26 75 80 4 0 0 0 0 0 0 0 0 0 0 0 0 0 0 0 0
0 0 0 0 0 0 0 0 0 0 1 6 0 0 0 0 3 0 5 28 33 57 53 90 53 77 55 84 66 28 52 86 89 81 70 99 95 98 84 96 96 60 58 8 1 2 0 0 10 0 0 0 24 13 88 68 68 43 61 1 17 5 56 70 74 59 91 69 50 57 81 77 83 97 28 0 0 23 41 0 0 0 0 0 0 0 0 0 0 0 0 0 0 0 0 0
0 0 0 0 0 0 0 0 0 2 0 0 2 9 0 0 4 28 10 19 27 54 64 50 43 65 46 42 5 56 75 80 64 20 44 74 90 83 95 94 39 36 41 16 35 12 0 0 1 0 0 0 9 10 11 1 34 32 26 23 78 51 13 24 8 37 82 20 26 60 75 77 63 60 5 0 0 0 0 0 0 0 0 0 0 0 0 0 0 0 0 0 0 0 0 0
0 0 0 0 0 0 1 1 0 0 0 0 0 0 0 0 0 0 0 3 39 48 28 49 26 52 46 35 23 64 54 39 55 69 73 79 81 50 87 56 2 0 13 43 77 76 6 0 0 0 9 41 68 20 63 46 56 66 82 93 87 65 54 72 26 0 9 13 70 100 72 85 80 56 2 0 0 0 0 0 0 0 0 0 0 0 0 0 0 0 0 0 0 0 0 0
0 0 0 8 2 9 0 0 0 0 0 0 0 0 0 0 0 0 0 5 17 30 17 11 8 45 30 9 52 16 38 41 18 68 70 76 47 70 47 17 0 10 31 28 65 87 74 10 15 31 28 65 48 68 58 89 72 81 71 82 94 47 31 61 40 8 50 65 90 94 95 88 97 18 0 0 0 0 0 0 0 0 0 0 0 0 0 0 0 0 0 0 0 0 0 0
0 0 2 5 0 0 0 0 0 0 0 0 0 0 12 36 18 8 0 15 11 2 26 0 17 3 29 46 65 41 20 61 58 63 73 53 77 48 11 0 12 35 23 24 64 69 88 63 72 80 49 49 72 45 91 84 84 50 34 70 78 25 54 56 66 61 55 81 59 83 84 82 54 0 0 0 0 0 0 0 0 0 0 0 0 0 0 0 0 0 0 0 0 0 0 0
0 0 0 0 0 0 0 0 0 0 0 0 0 0 25 55 45 26 37 6 15 45 45 8 36 13 22 64 37 15 37 61 64 74 83 67 75 51 29 10 20 60 65 25 71 81 44 89 62 40 73 87 91 79 96 63 67 69 68 51 24 83 67 85 100 85 82 71 84 85 78 45 1 0 0 0 0 0 0 0 0 0 0 0 0 0 0 0 0 0 0 0 0 0 0 0
0 0 0 0 0 0 0 0 0 0 0 0 0 0 64 57 56 73 22 70 68 39 90 52 75 34 53 50 48 80 94 94 56 59 49 73 6 2 6 15 7 34 57 71 91 89 62 55 31 54 67 78 72 77 99 37 53 86 56 75 63 65 78 77 95 63 96 71 47 71 22 0 0 0 0 0 0 0 0 0 0 0 0 0 0 0 0 0 0 0 0 0 0 0 0 0
0 0 0 0 0 0 0 0 0 0 0 0 0 0 65 78 50 62 63 58 21 30 36 48 45 17 51 69 67 90 95 79 81 77 53 3 4 13 39 21 1 37 46 78 94 61 8 10 41 24 24 56 73 57 71 55 42 74 74 80 38 66 89 88 92 45 12 6 0 0 0 0 0 0 0 0 0 0 0 0 0 0 0 0 0 0 0 0 0 0 0 0 0 0 0 0
0 0 0 0 0 0 0 0 0 0 0 0 0 15 66 43 13 65 44 35 45 64 55 25 64 29 60 65 81 62 67 68 61 81 5 13 38 65 80 3 3 37 62 96 84 74 60 35 1 2 0 0 0 3 0 3 3 43 74 74 23 40 73 48 29 46 14 22 0 0 0 0 0 0 0 0 0 0 0 0 0 0 0 0 0 0 0 0 0 0 0 0 0 0 0 0
0 0 0 0 0 0 0 0 0 0 0 0 0 9 25 46 76 72 59 51 52 54 49 38 73 41 79 89 52 21 73 98 87 27 0 23 44 33 52 30 12 34 98 90 96 69 74 37 19 0 0 0 0 0 0 0 0 12 24 13 1 6 3 2 12 0 16 1 0 0 0 0 0 0 0 0 0 0 0 0 0 0 0 0 0 0 0 0 0 0 0 0 0 0 0 0
0 0 0 0 0 0 0 0 6 2 1 0 5 21 21 22 26 31 21 51 38 54 47 26 22 63 87 92 87 76 84 61 23 19 0 5 9 50 33 32 25 72 72 71 95 98 61 7 0 0 0 0 0 0 0 0 0 0 0 1 0 0 0 0 0 0 0 0 0 0 0 0 0 0 0 0 0 0 0 0 0 0 0 0 0 0 0 0 0 0 0 0 0 0 0 0
0 8 0 2 0 0 0 0 0 7 0 0 2 3 13 33 39 56 49 61 73 40 20 20 30 42 70 57 71 95 91 67 30 12 0 0 52 41 18 34 59 69 63 65 73 80 34 0 0 0 0 0 0 0 0 0 0 0 2 0 0 0 0 0 0 0 0 0 0 0 0 0 0 0 0 0 0 0 0 0 0 0 0 0 0 0 0 0 0 0 0 0 0 0 0 0
0 0 0 5 2 0 0 8 16 2 2 0 11 12 30 6 0 21 52 57 77 33 46 83 87 49 49 93 80 88 79 27 6 0 8 1 13 16 54 18 68 64 54 79 94 59 20 19 5 0 0 0 0 0 0 17 7 0 0 0 0 0 0 0 0 0 0 0 0 0 0 0 0 0 0 0 0 0 0 0 0 0 0 0 0 0 0 0 0 0 0 0 0 0 0 0
0 0 0 20 1 0 1 2 2 15 8 0 12 29 9 12 12 8 53 66 81 52 33 75 97 36 2 52 88 78 86 18 0 0 2 14 26 95 93 60 78 91 78 89 44 0 0 0 0 0 0 0 0 0 13 48 13 23 1 0 0 0 0 0 0 0 0 0 0 0 0 0 0 0 0 0 0 0 0 0 0 0 0 0 0 0 0 0 0 0 0 0 0 0 0 0
0 0 2 5 0 8 7 4 6 4 15 10 4 6 36 43 15 16 59 42 19 25 61 66 72 35 55 50 78 35 2 15 0 7 8 33 11 88 87 99 98 88 92 34 2 0 0 0 0 0 0 0 0 0 47 33 53 63 35 23 0 0 3 0 0 0 0 0 0 0 0 0 0 0 0 0 0 0 0 0 0 0 0 0 0 0 0 0 0 0 0 0 0 0 0 0
5 8 8 1 0 8 1 6 27 9 3 19 31 60 22 46 36 3 34 53 41 20 21 8 25 5 74 37 48 3 0 2 2 24 43 43 35 31 89 98 100 89 17 0 0 0 0 0 0 0 0 1 26 11 67 84 78 72 6 21 0 0 8 0 0 0 0 0 0 0 0 0 0 0 0 0 0 0 0 0 0 0 0 0 0 0 0 0 0 0 0 0 0 0 0 0
1 2 6 14 11 3 7 1 17 18 35 63 40 77 82 73 55 16 20 64 42 0 0 1 53 33 41 18 0 11 14 18 17 26 49 48 77 82 92 67 83 24 0 0 0 0 0 5 11 19 41 59 91 47 60 60 42 46 65 11 0 0 0 0 0 0 0 0 0 0 0 0 0 0 0 0 0 0 0 0 0 0 0 0 0 0 0 0 0 0 0 0 0 0 0 0
1 4 15 28 12 9 10 44 70 61 76 31 64 41 89 78 87 11 50 63 12 0 0 0 10 66 7 2 14 20 6 12 18 62 70 41 58 63 58 71 32 0 0 0 0 0 3 52 66 28 67 32 47 39 36 65 39 84 95 13 0 7 0 0 0 0 0 0 0 0 0 0 0 0 0 0 0 0 0 0 0 0 0 0 0 0 0 0 0 0 0 0 0 0 0 0
7 17 25 13 21 63 55 75 77 27 20 62 6 26 64 79 79 60 86 45 11 0 0 0 2 3 0 0 18 4 0 8 18 73 88 40 72 85 92 47 0 0 0 0 0 1 41 49 63 49 30 43 84 39 31 74 28 57 83 8 3 1 0 0 0 0 0 0 0 0 0 0 0 0 0 0 0 0 0 0 0 0 0 0 0 0 0 0 0 0 0 0 0 0 0 0
42 72 45 14 77 76 30 45 57 56 57 40 10 34 89 62 82 73 44 69 63 32 3 0 3 14 15 7 19 51 21 42 66 86 82 44 25 80 30 0 0 0 16 27 53 47 18 74 88 57 86 69 67 14 31 61 14 76 81 8 0 0 0 0 0 0 0 0 0 0 0 0 0 0 0 0 0 0 0 0 0 0 0 0 0 0 0 0 0 0 0 0 0 0 0 0
88 45 20 40 33 40 41 98 81 62 21 29 75 54 28 23 65 71 57 26 33 70 35 17 1 23 51 61 25 63 54 23 62 70 56 83 85 24 0 0 20 75 46 69 49 1 22 59 42 78 70 61 61 31 30 88 64 26 42 0 0 0 0 0 0 0 0 0 0 0 0 0 0 0 0 0 0 0 0 0 0 0 0 0 0 0 0 0 0 0 0 0 0 0 0 0
89 51 34 36 52 77 32 90 84 78 88 55 82 59 2 12 13 1 31 55 31 27 31 52 1 0 22 76 73 67 74 65 92 67 49 30 12 0 9 57 50 20 1 17 25 25 70 71 70 24 56 18 47 67 74 77 36 0 2 0 0 0 0 0 0 0 0 0 0 0 0 0 0 0 0 0 0 0 0 0 0 0 0 0 0 0 0 0 0 0 0 0 0 0 0 0
17 51 22 2 26 51 66 48 71 9 20 52 51 1 33 15 6 0 15 62 56 45 68 86 38 18 26 43 71 97 55 62 81 14 0 0 7 36 31 34 6 29 7 0 4 49 79 42 74 74 58 36 32 65 85 88 76 0 7 0 0 0 0 0 0 0 0 0 0 0 0 0 0 0 0 0 0 0 0 0 0 0 0 0 0 0 0 0 0 0 0 0 0 0 0 0
20 55 63 30 81 62 33 31 57 35 49 59 71 37 80 75 41 53 86 77 53 25 84 80 30 30 67 86 88 81 80 56 6 12 6 3 49 25 3 47 65 70 55 7 26 82 87 79 76 80 77 71 42 63 93 76 56 62 84 56 4 0 0 0 0 0 0 0 0 0 0 0 0 0 0 0 0 0 0 0 0 0 0 0 0 0 0 0 0 0 0 0 0 0 0 0
19 39 36 49 84 34 40 72 72 81 85 66 38 63 62 35 50 56 70 24 32 52 23 45 29 35 87 100 86 79 95 92 49 58 41 1 31 46 42 42 68 43 77 67 65 91 58 63 68 93 65 23 39 82 89 86 61 79 93 79 37 1 0 0 0 0 0 0 0 0 0 0 0 0 0 0 0 0 0 0 0 0 0 0 0 0 0 0 0 0 0 0 0 0 0 0
8 15 61 68 46 46 70 71 55 51 67 72 66 78 84 84 75 47 14 0 17 36 8 62 72 76 76 86 90 98 56 22 17 0 4 39 68 65 30 30 6 3 6 37 19 47 99 71 42 85 86 93 86 70 22 24 33 67 44 70 71 23 0 0 0 0 0 0 0 0 0 0 0 0 0 0 0 0 0 0 0 0 0 0 0 0 0 0 0 0 0 0 0 0 0 0
37 4 19 17 12 44 91 87 64 49 83 84 68 62 61 88 82 30 5 0 0 7 0 9 32 43 69 95 25 34 9 0 0 1 11 40 35 31 7 14 18 27 27 24 16 72 92 82 52 69 64 71 76 16 13 42 88 66 63 47 58 13 32 49 43 47 1 0 2 0 0 0 0 0 0 0 0 0 0 0 0 0 0 0 0 0 0 0 0 0 0 0 0 0 0 0
10 10 11 11 6 34 60 75 88 86 59 69 52 35 55 63 40 48 2 0 1 5 0 17 75 4 6 6 0 14 0 0 9 39 26 30 26 9 2 17 25 52 69 63 55 72 83 55 17 0 30 73 81 37 54 59 75 86 76 26 39 72 66 99 61 82 29 17 78 64 26 3 0 0 0 0 0 0 0 0 0 0 0 0 0 0 0 0 0 0 0 0 0 0 0 0
0 0 4 13 40 8 21 45 58 52 26 16 29 27 16 59 26 2 9 3 0 0 0 11 0 0 1 0 2 32 11 1 0 1 24 21 40 15 66 73 43 41 48 59 56 63 88 56 41 4 39 51 55 66 56 34 31 12 35 56 76 75 62 88 66 93 64 82 71 56 62 5 0 0 0 0 0 0 0 0 0 0 0 0 0 0 0 0 0 0 0 0 0 0 0 0
0 0 0 0 39 16 7 28 33 2 0 0 0 0 5 13 0 7 0 4 22 8 0 0 6 2 1 10 40 48 8 9 7 27 75 49 23 64 55 49 15 27 32 49 63 29 55 17 42 25 63 67 80 88 51 52 77 15 22 64 81 83 66 95 66 92 95 76 68 80 93 52 6 0 0 0 0 0 0 0 0 0 0 0 0 0 0 0 0 0 0 0 0 0 0 0
5 2 0 2 0 4 9 25 2 1 0 0 0 5 8 12 0 2 4 0 0 2 7 2 0 8 9 7 26 54 84 49 22 41 84 41 64 92 17 13 33 21 3 29 17 41 29 36 45 32 50 33 32 67 76 35 24 19 19 1 7 37 54 71 72 67 66 55 72 86 98 66 24 6 0 0 0 0 0 0 0 0 0 0 0 0 0 0 0 0 0 0 0 0 0 0
50 78 31 1 13 40 4 0 0 3 0 0 0 0 0 0 0 0 3 0 6 0 0 1 3 1 31 11 26 48 46 73 74 44 80 63 71 68 55 48 33 5 13 11 48 46 36 32 15 32 54 33 10 11 38 34 29 1 16 0 7 13 36 49 80 85 86 77 40 81 77 34 60 85 40 0 0 0 0 0 0 0 0 0 0 0 0 0 0 0 0 0 0 0 0 0
34 36 13 33 14 7 0 0 0 0 0 0 0 0 0 0 0 0 0 3 0 0 0 0 2 13 4 48 64 82 81 32 24 63 74 58 81 81 59 89 53 32 50 80 39 72 52 60 25 35 67 14 9 19 3 10 28 26 22 17 14 22 29 39 54 66 72 45 40 53 45 45 70 58 45 10 0 0 0 0 0 0 0 0 0 0 0 0 0 0 0 0 0 0 0 0
54 17 10 20 13 4 0 0 0 0 0 0 0 1 0 1 0 0 2 0 0 0 0 0 21 86 69 71 90 85 73 49 49 49 4 24 40 43 57 58 94 71 79 65 62 42 41 61 75 56 76 41 11 33 6 11 7 12 36 17 21 2 1 20 41 62 60 50 73 71 76 87 74 46 57 2 0 0 0 0 0 0 0 0 0 0 0 0 0 0 0 0 0 0 0 0
3 0 2 0 0 0 0 0 0 0 0 0 0 0 0 0 0 0 0 0 2 9 12 43 46 85 80 65 82 72 55 12 13 0 0 0 1 25 51 70 85 89 58 41 40 36 31 4 22 78 68 42 14 33 30 57 42 43 55 18 35 5 6 45 90 79 61 97 73 88 79 91 86 1 5 0 0 0 0 0 0 0 0 0 0 0 0 0 0 0 0 0 0 0 0 0
0 0 0 0 0 0 0 0 0 0 0 0 0 0 0 0 0 2 0 3 9 16 25 19 72 89 71 72 90 71 0 0 0 0 0 5 0 0 13 72 46 75 78 53 51 46 32 6 7 34 62 72 66 37 75 55 57 64 59 27 45 43 40 33 71 61 85 85 67 86 91 88 36 0 0 0 0 0 0 0 0 0 0 0 0 0 0 0 0 0 0 0 0 0 0 0
0 0 0 0 0 0 2 0 2 3 0 0 0 1 0 0 1 1 1 6 24 23 5 44 69 89 80 98 68 37 0 0 1 1 0 1 3 1 30 72 68 78 57 31 19 66 31 6 60 40 63 32 33 38 26 50 80 31 61 34 42 78 88 86 88 46 51 83 97 78 71 44 0 0 0 0 0 0 0 0 0 0 0 0 0 0 0 0 0 0 0 0 0 0 0 0
0 0 0 0 0 0 0 0 3 0 6 2 0 0 0 0 1 1 15 54 74 72 61 54 42 90 92 87 63 41 0 0 1 3 1 4 29 58 26 77 62 11 20 61 66 80 41 36 53 82 43 61 87 76 44 76 52 25 24 8 56 55 82 98 90 65 77 91 96 76 6 0 0 0 0 0 0 0 0 0 0 0 0 0 0 0 0 0 0 0 0 0 0 0 0 0
0 0 0 0 0 0 0 1 0 0 0 0 0 0 1 1 1 9 9 41 67 25 21 24 42 7 18 46 84 25 0 2 3 0 7 2 34 1 1 18 44 38 39 41 61 72 70 79 95 80 82 84 98 64 55 73 71 65 29 54 63 63 83 82 40 87 82 80 12 0 0 0 0 0 0 0 0 0 0 0 0 0 0 0 0 0 0 0 0 0 0 0 0 0 0 0
0 0 0 0 0 0 0 0 0 2 0 7 6 0 6 1 6 30 43 50 84 48 3 1 0 1 0 0 52 36 4 2 16 1 51 82 70 37 0 2 2 15 49 70 75 79 65 20 78 15 38 43 22 2 31 29 47 14 12 79 61 31 26 88 81 59 21 6 0 0 0 0 0 0 0 0 0 0 0 0 0 0 0 0 0 0 0 0 0 0 0 0 0 0 0 0
0 0 0 0 0 0 0 0 0 0 0 3 12 1 3 10 6 69 70 53 85 66 13 36 1 1 0 0 37 31 31 20 30 16 18 64 4 4 0 0 0 7 68 92 81 44 26 69 49 4 2 3 0 0 0 0 0 0 26 48 45 44 67 54 12 7 0 0 0 0 0 0 0 0 0 0 0 0 0 0 0 0 0 0 0 0 0 0 0 0 0 0 0 0 0 0
0 0 0 0 0 0 0 0 0 0 8 0 3 0 2 14 7 9 23 38 50 25 7 88 8 6 0 0 16 9 69 51 14 49 31 49 5 0 0 0 0 58 65 62 69 38 18 38 16 0 0 0 0 0 0 0 0 1 30 73 53 14 30 2 0 0 0 0 0 0 0 0 0 0 0 0 0 0 0 0 0 0 0 0 0 0 0 0 0 0 0 0 0 0 0 0
0 0 0 0 0 0 0 0 4 0 15 4 7 6 0 1 5 15 27 53 58 55 36 18 53 73 16 5 0 6 52 37 36 15 18 46 32 1 1 1 0 42 76 92 68 73 69 27 0 0 0 0 0 0 0 0 0 0 5 0 0 9 0 0 0 0 0 0 0 0 0 0 0 0 0 0 0 0 0 0 0 0 0 0 0 0 0 0 0 0 0 0 0 0 0 0
0 0 0 0 0 0 0 0 6 10 9 2 11 24 30 0 12 17 18 13 45 51 25 11 69 75 52 36 1 2 61 24 0 4 31 25 71 59 37 32 25 65 69 62 31 78 87 27 0 0 0 0 0 0 0 0 0 0 0 0 0 0 0 0 0 0 0 0 0 0 0 0 0 0 0 0 0 0 0 0 0 0 0 0 0 0 0 0 0 0 0 0 0 0 0 0
0 6 1 1 0 0 5 17 21 10 1 15 7 18 20 47 11 6 28 4 2 17 28 6 24 50 3 0 12 3 11 23 8 2 37 35 54 58 65 59 38 42 30 32 58 61 50 7 0 0 0 0 0 0 0 0 0 0 0 0 0 0 0 0 0 0 0 0 0 0 0 0 0 0 0 0 0 0 0 0 0 0 0 0 0 0 0 0 0 0 0 0 0 0 0 0
17 31 31 16 0 4 0 2 8 18 17 5 13 12 0 17 0 0 0 0 0 0 0 1 1 48 27 4 3 2 2 11 16 6 37 71 38 41 82 64 33 39 17 20 79 30 1 0 0 0 0 0 0 0 0 0 0 0 0 0 0 0 0 0 0 0 0 0 0 0 0 0 0 0 0 0 0 0 0 0 0 0 0 0 0 0 0 0 0 0 0 0 0 0 0 0
61 37 22 10 21 10 11 1 3 16 15 14 1 19 1 0 1 0 0 0 0 0 0 0 6 33 56 2 1 2 15 62 16 10 18 31 58 77 80 26 46 59 65 89 15 1 0 0 0 0 0 0 0 0 0 0 0 0 0 0 0 0 0 0 0 0 0 0 0 0 0 0 0 0 0 0 0 0 0 0 0 0 0 0 0 0 0 0 0 0 0 0 0 0 0 0
31 20 1 4 15 20 2 28 45 23 19 11 7 9 2 0 7 3 0 0 0 0 0 11 15 6 25 42 42 8 12 35 31 35 38 40 72 35 30 4 8 6 34 31 4 0 0 0 0 0 0 0 0 0 0 0 0 0 0 0 0 0 0 0 0 0 0 0 0 0 0 0 0 0 0 0 0 0 0 0 0 0 0 0 0 0 0 0 0 0 0 0 0 0 0 0
0 7 50 38 45 5 19 3 18 10 10 16 43 15 13 1 0 1 0 0 2 5 5 17 5 27 48 40 32 13 0 23 30 48 56 41 69 0 0 4 0 0 0 0 0 0 0 0 0 0 0 0 0 0 0 0 0 0 0 0 0 0 0 0 0 0 0 0 0 0 0 0 0 0 0 0 0 0 0 0 0 0 0 0 0 0 0 0 0 0 0 0 0 0 0 0
0 14 32 35 48 5 10 4 0 1 0 0 21 24 0 4 0 13 6 2 0 3 21 36 17 36 45 22 10 6 48 35 33 53 50 54 44 30 1 0 0 5 0 0 0 0 0 0 0 0 0 0 0 0 0 0 0 0 0 0 0 0 0 0 0 0 0 0 0 0 0 0 0 0 0 0 0 0 0 0 0 0 0 0 0 0 0 0 0 0 0 0 0 0 0 0
1 29 45 37 47 48 43 1 22 28 31 15 26 11 0 13 5 6 0 1 0 11 12 32 37 63 37 16 4 39 37 4 49 29 42 47 25 27 3 2 0 0 0 0 0 0 0 0 0 0 0 0 0 0 0 0 0 0 0 0 0 0 0 0 0 0 0 0 0 0 0 0 0 0 0 0 0 0 0 0 0 0 0 0 0 0 0 0 0 0 0 0 0 0 0 0
46 11 49 79 81 32 37 23 31 30 5 49 17 20 19 29 20 33 29 30 30 48 15 29 39 60 0 2 16 21 7 41 35 52 72 54 61 57 30 8 0 0 0 0 0 0 0 0 0 0 0 0 0 0 0 0 0 0 0 0 0 0 0 0 0 0 0 0 0 0 0 0 0 0 0 0 0 0 0 0 0 0 0 0 0 0 0 0 0 0 0 0 0 0 0 0
69 29 36 21 50 9 1 0 7 15 44 80 57 52 39 54 27 51 36 42 51 31 3 30 26 33 14 43 36 51 34 14 20 56 67 62 55 46 88 46 0 0 0 0 0 0 0 0 0 0 0 0 0 0 0 0 0 0 0 0 0 0 0 0 0 0 0 0 0 0 0 0 0 0 0 0 0 0 0 0 0 0 0 0 0 0 0 0 0 0 0 0 0 0 0 0
21 43 4 4 36 36 21 1 0 42 43 22 51 66 19 52 47 66 46 22 14 7 0 3 9 25 20 50 68 20 24 34 27 15 19 42 53 88 91 72 0 0 0 0 0 0 0 0 0 0 0 0 0 0 0 0 0 0 0 0 0 0 0 0 0 0 0 0 0 0 0 0 0 0 0 0 0 0 0 0 0 0 0 0 0 0 0 0 0 0 0 0 0 0 0 0
48 66 66 10 3 31 44 0 0 55 74 64 38 40 78 87 67 65 76 79 34 0 0 1 43 38 70 70 49 26 30 19 28 34 35 69 47 47 59 27 0 0 0 0 0 0 0 0 0 0 0 0 0 0 0 0 0 0 0 0 0 0 0 0 0 0 0 0 0 0 0 0 0 0 0 0 0 0 0 0 0 0 0 0 0 0 0 0 0 0 0 0 0 0 0 0
44 58 39 44 0 40 52 39 53 54 54 48 2 3 27 74 47 66 14 57 65 16 0 1 29 50 63 69 41 60 67 16 64 72 27 3 4 24 28 0 0 0 0 0 0 0 0 0 0 0 0 0 0 0 0 0 0 0 0 0 0 0 0 0 0 0 0 0 0 0 0 0 0 0 0 0 0 0 0 0 0 0 0 0 0 0 0 0 0 0 0 0 0 0 0 0
42 49 56 44 12 0 5 14 11 13 1 0 0 0 10 95 91 61 54 82 92 87 7 2 58 64 37 47 35 78 31 17 17 2 6 0 0 0 0 0 0 0 0 0 0 0 0 0 0 0 0 0 0 0 0 0 0 0 0 0 0 0 0 40 32 37 5 4 11 24 16 12 0 0 0 0 0 0 0 0 0 0 0 0 0 0 0 0 0 0 0 0 0 0 0 0
62 45 77 85 41 0 0 0 0 0 0 0 0 0 0 46 72 65 70 78 71 95 36 1 57 88 60 59 25 66 27 1 0 0 0 0 0 0 0 0 0 0 0 0 0 0 0 0 0 0 0 0 0 0 0 0 0 0 0 0 1 9 25 75 82 95 55 24 72 96 89 67 36 4 0 0 0 0 0 0 0 0 0 0 0 0 0 0 0 0 0 0 0 0 0 0
14 24 31 72 33 0 0 0 0 0 0 0 0 0 0 0 0 1 9 16 59 79 58 3 7 3 1 8 1 22 3 0 0 0 0 0 0 0 0 0 0 0 0 0 0 0 0 0 0 0 0 0 0 0 0 0 0 0 0 5 14 30 80 69 97 100 96 89 97 73 97 98 95 47 0 0 0 0 0 0 0 0 0 0 0 0 0 0 0 0 0 0 0 0 0 0
1 5 38 53 17 0 0 0 0 0 0 0 0 0 0 0 0 0 0 0 6 12 1 0 0 0 0 0 0 0 0 0 0 0 0 0 0 0 0 0 0 0 0 0 0 0 0 0 0 0 0 0 0 0 0 0 0 0 0 16 42 83 91 81 77 96 84 94 59 72 55 62 99 78 3 0 0 0 0 0 0 0 0 0 0 0 0 0 0 0 0 0 0 0 0 0
6 2 4 1 0 0 0 0 1 0 0 0 0 6 7 0 0 0 0 0 0 0 0 0 0 0 0 0 0 0 0 0 0 0 0 0 0 0 0 0 0 0 0 0 0 0 0 0 0 0 0 0 0 0 0 0 0 0 1 50 81 76 89 76 84 89 90 74 75 67 78 75 53 51 28 3 0 0 0 0 0 0 0 0 0 0 0 0 0 0 0 0 0 0 0 0
3 0 0 14 1 1 0 1 39 10 0 1 30 72 64 53 18 1 0 0 0 0 0 0 0 0 0 0 0 0 0 0 0 0 0 0 0 0 0 0 0 0 0 0 0 0 0 0 0 0 0 0 0 0 0 0 0 1 6 50 71 86 90 78 72 84 85 90 82 73 70 49 19 34 54 8 0 0 0 0 0 0 0 0 0 0 0 0 0 0 0 0 0 0 0 0
0 19 20 20 34 18 17 20 67 69 56 65 37 96 88 83 53 45 22 13 6 3 0 0 0 0 2 13 0 0 0 0 0 0 0 0 0 0 0 0 0 0 0 0 0 0 0 0 0 0 0 0 0 0 0 0 2 29 42 71 84 92 98 79 90 85 81 72 89 69 65 56 81 29 15 3 0 0 8 0 0 0 0 0 0 0 0 0 0 0 0 0 0 0 0 0
35 1 2 10 2 0 7 33 52 41 70 58 60 53 39 80 51 31 76 52 31 51 56 35 0 2 48 32 1 0 0 0 0 0 0 0 0 0 0 0 0 0 0 0 0 0 0 0 0 0 0 0 0 0 0 0 0 23 64 97 91 77 67 92 90 95 68 68 90 98 80 71 67 78 76 30 61 33 34 10 6 3 10 0 0 0 0 0 0 0 0 0 0 0 0 0
7 2 10 13 0 9 12 17 50 61 21 10 15 23 84 91 73 78 68 43 59 88 80 70 35 19 56 70 23 21 15 0 1 0 0 0 0 0 0 0 0 0 0 0 0 0 0 0 0 0 0 0 0 0 0 0 22 75 80 96 75 96 84 51 94 87 63 80 89 89 65 52 76 89 78 71 58 60 57 64 48 23 13 3 3 0 0 0 0 0 0 0 0 0 0 0
14 2 2 12 0 4 6 32 24 25 5 9 26 73 95 67 87 78 44 46 83 76 76 17 37 56 45 60 76 59 44 1 0 0 0 0 0 0 0 0 0 0 0 0 0 0 0 0 0 0 0 0 0 0 4 9 38 86 88 80 93 91 43 61 85 91 75 98 87 60 68 49 95 92 73 84 71 51 84 96 79 71 16 67 49 2 0 0 0 0 0 0 0 0 0 0
