Data/Land Cover 1km/FME_656D6600_1589209169783_10689/temp/lcm2007_aggregate_classes_1km_gb_3.asc
ncols 700
nrows 1300
xllcorner 0
yllcorner 0
cellsize 1000
[rows 936 to 1013 of 1300, columns 384 to 479 of 700]
6 7 1 4 10 2 1 2 3 0 2 0 0 7 0 1 0 0 0 0 0 0 0 0 3 2 0 0 0 1 0 0 0 0 7 10 0 5 0 1 2 4 6 1 4 8 0 1 15 10 11 11 42 53 36 10 31 56 51 78 92 65 35 55 72 60 42 55 74 16 0 45 88 28 63 33 49 3 30 56 78 73 84 88 86 99 85 88 85 76 85 75 94 90 91 86
17 13 1 2 12 18 16 3 0 9 3 1 3 1 2 1 0 0 0 0 0 0 0 1 4 1 2 0 3 2 2 0 0 0 1 4 0 1 3 3 4 0 0 11 14 9 2 2 5 14 6 38 29 31 33 25 17 43 16 67 97 78 38 53 83 54 92 51 15 23 1 8 20 42 46 29 5 0 18 56 43 88 95 65 94 96 85 82 94 92 64 88 89 89 74 92
33 4 4 15 11 6 8 4 5 4 9 17 0 1 1 0 0 1 0 0 0 0 0 0 2 3 0 4 8 0 0 0 0 0 0 2 0 3 2 4 1 4 11 2 11 8 9 5 13 9 11 36 52 40 27 51 36 42 48 73 47 63 63 56 39 47 78 55 0 0 0 0 1 53 22 5 1 1 32 67 67 47 93 89 97 92 90 67 100 94 85 84 60 62 92 83
22 4 1 6 2 8 11 4 1 2 2 7 3 0 0 6 2 1 0 0 0 0 0 0 1 1 4 2 12 7 0 0 0 0 0 0 0 0 6 7 3 0 5 5 14 6 1 1 12 4 21 50 64 21 40 55 17 47 72 40 33 55 48 55 15 2 23 29 0 0 0 0 11 46 23 18 22 5 24 88 46 50 60 82 48 72 92 95 87 72 70 87 61 87 98 92
26 16 24 6 12 10 11 1 3 2 3 1 9 2 2 0 5 7 0 0 0 0 0 0 0 1 4 2 7 10 2 0 0 0 0 0 2 4 0 0 2 0 0 0 0 3 8 4 6 10 39 49 40 25 36 24 12 25 40 59 36 62 35 25 4 0 0 27 21 26 0 0 15 33 16 39 59 52 90 71 85 72 88 64 63 69 97 94 37 89 80 71 77 48 84 41
7 2 7 7 1 1 11 3 7 4 15 4 2 4 0 1 2 2 0 0 0 1 7 2 3 2 8 7 5 6 2 0 0 0 0 0 2 0 0 2 2 0 0 8 1 0 3 1 4 5 33 35 45 36 47 29 49 60 65 42 52 45 17 45 3 2 1 40 80 27 44 56 75 82 31 41 77 97 86 90 88 69 93 94 81 76 75 68 40 86 83 83 98 80 86 63
15 4 4 11 1 5 9 2 1 4 5 4 1 16 7 7 3 1 0 0 0 0 0 2 4 0 6 2 0 0 1 0 0 0 0 0 0 0 0 0 5 0 0 3 2 0 6 2 4 22 25 37 43 23 76 44 32 53 50 23 32 19 42 37 41 31 34 83 53 65 22 19 84 78 48 23 68 89 83 82 67 87 80 74 69 87 99 78 69 88 95 97 79 66 86 71
23 2 11 11 1 14 9 2 2 5 0 4 2 1 2 12 13 1 0 0 0 0 0 2 4 1 5 2 1 0 1 3 1 0 0 4 1 0 0 0 2 0 0 8 4 6 4 14 2 11 25 34 50 44 51 57 51 28 59 12 8 55 61 77 78 0 1 24 86 82 17 36 47 32 39 10 60 74 88 96 27 37 78 85 95 80 96 74 69 78 79 83 68 84 67 30
6 5 9 20 6 11 8 3 11 1 6 3 0 8 8 8 8 1 0 0 2 3 0 0 3 0 3 11 2 7 2 2 0 0 0 11 1 2 0 0 0 0 1 6 6 0 11 14 5 17 36 52 29 26 34 28 14 0 32 11 11 19 49 69 51 56 19 32 64 65 56 34 50 63 41 57 82 77 86 83 83 61 63 90 71 61 95 95 60 79 72 75 94 59 83 47
0 13 13 13 13 0 4 2 1 6 2 19 15 5 3 0 4 0 1 0 0 0 1 0 1 0 0 0 3 0 0 4 17 2 11 5 2 1 3 7 0 1 0 3 16 1 3 14 9 21 25 43 39 17 40 55 39 8 4 31 45 49 43 63 48 55 41 31 39 51 21 3 25 79 37 33 18 45 94 61 63 69 78 65 42 31 16 80 62 45 83 93 86 90 66 36
3 21 12 10 9 0 1 3 1 10 1 4 5 1 3 1 0 1 2 0 0 0 1 0 0 0 3 0 0 2 0 0 11 3 1 1 0 5 3 0 3 9 2 1 2 3 7 6 23 15 26 26 34 52 16 37 17 23 1 28 39 52 54 28 63 42 20 17 47 61 21 16 37 76 11 20 55 67 89 74 87 62 63 59 82 33 32 73 59 68 92 85 71 88 48 9
15 11 13 5 15 4 6 9 7 19 14 0 5 16 9 7 1 0 3 0 0 3 1 1 2 1 1 2 2 0 0 0 12 3 2 0 3 1 1 4 1 2 16 3 9 1 3 16 21 14 19 9 10 27 26 47 36 40 14 41 40 48 33 45 74 71 35 17 51 60 72 77 44 40 21 30 45 52 88 96 89 75 74 90 93 65 53 82 44 67 75 92 66 38 38 1
22 13 0 4 2 3 9 3 9 1 2 2 12 4 10 7 11 1 1 0 0 2 3 1 13 0 0 0 9 0 1 2 1 5 0 1 2 0 2 1 0 5 7 17 41 1 3 26 25 52 27 10 15 33 63 32 37 36 47 33 32 62 35 28 67 66 69 44 86 82 57 87 83 87 39 43 63 62 40 73 61 87 71 60 80 86 83 92 67 61 81 95 47 59 80 76
11 1 0 0 0 3 0 1 13 12 1 11 3 2 5 2 2 3 10 1 0 0 5 14 12 4 4 1 0 3 1 4 1 5 0 3 10 2 7 6 4 1 5 26 14 13 15 29 30 36 68 18 15 31 50 7 8 25 47 23 20 59 23 37 72 50 19 49 57 45 50 98 86 44 67 57 73 35 42 53 93 83 85 96 100 95 80 98 69 75 77 53 82 89 79 76
10 1 0 0 0 0 0 0 9 5 5 5 8 2 2 4 1 3 2 3 3 0 4 23 5 1 1 0 0 2 0 2 1 3 4 1 1 0 3 2 2 1 2 5 11 19 22 43 19 42 0 4 25 32 32 11 33 8 14 32 43 62 21 46 14 12 67 71 15 2 42 61 80 72 70 28 34 6 25 64 49 93 73 81 86 58 53 33 59 69 79 58 94 94 78 78
0 0 0 0 0 0 0 10 7 6 5 8 11 5 4 2 1 3 14 10 2 2 0 0 6 2 1 0 5 2 5 0 3 1 6 2 8 5 15 1 4 3 1 1 2 48 27 40 51 29 3 3 21 18 26 32 29 28 26 19 39 47 37 44 55 84 60 18 9 0 22 86 48 68 68 57 72 70 31 67 70 53 89 94 70 63 19 61 30 30 85 84 85 94 70 84
0 0 0 0 0 2 1 9 11 2 3 9 23 1 3 4 4 10 13 16 8 0 0 0 5 0 1 0 6 0 0 2 12 6 1 4 25 11 0 10 46 5 1 3 1 20 72 59 41 29 22 0 15 39 35 46 22 37 17 25 5 34 10 36 60 76 80 46 10 45 46 43 20 78 85 64 78 80 39 46 55 64 58 51 51 34 54 7 9 9 65 82 94 99 83 88
2 0 0 0 0 14 9 3 1 0 8 8 3 5 3 9 6 3 5 0 14 3 4 2 6 0 0 3 3 2 5 12 0 3 2 3 6 28 8 8 30 21 21 11 8 17 61 38 77 58 32 6 41 37 14 23 17 33 11 0 9 30 3 0 32 41 82 62 27 26 9 13 4 65 19 14 26 51 67 72 78 71 39 17 54 65 36 54 75 43 84 99 99 99 85 92
1 1 0 0 0 18 2 4 1 9 21 11 9 2 1 2 6 3 10 2 3 5 4 1 7 8 2 8 1 3 1 9 6 18 18 28 27 39 24 60 20 14 6 5 10 3 52 45 28 30 28 24 16 35 12 8 15 30 24 5 34 33 48 25 11 37 35 83 25 2 3 16 3 0 0 0 53 57 44 70 66 50 67 68 84 61 75 89 95 82 72 97 77 100 88 74
0 2 0 7 2 5 3 5 7 2 6 11 12 8 3 9 10 2 36 12 6 4 1 2 3 2 10 38 16 3 12 5 15 11 28 39 26 24 44 74 57 36 6 6 20 34 44 46 51 27 18 40 34 48 39 28 27 30 29 22 38 16 31 60 25 32 6 31 44 24 0 4 3 0 0 3 23 55 54 46 38 28 78 31 54 67 92 97 87 94 94 99 85 89 66 48
0 2 4 20 18 0 0 0 2 0 15 14 4 8 13 1 2 5 12 6 6 0 0 10 8 6 33 6 20 6 15 12 4 6 43 52 15 23 18 25 45 50 13 17 15 50 60 30 12 20 17 52 32 40 37 40 23 30 29 23 52 15 3 33 27 56 45 43 5 6 0 0 0 0 0 3 20 52 79 40 20 58 73 43 46 39 95 72 64 48 80 85 97 88 96 73
25 7 16 15 13 5 0 0 0 3 8 26 8 9 8 7 1 5 2 9 31 11 3 2 5 7 45 27 4 24 14 4 52 4 32 42 0 61 51 22 15 58 53 33 36 20 34 32 45 40 41 29 24 14 19 42 16 17 28 36 52 28 1 47 53 39 52 32 0 0 0 0 0 0 0 0 0 0 19 68 82 86 71 88 84 81 85 58 49 89 72 98 70 98 85 56
36 15 4 3 32 0 5 11 2 0 1 17 6 27 45 20 4 7 18 1 15 37 11 10 18 13 41 13 26 6 4 11 14 3 4 24 8 26 73 63 52 34 57 59 54 45 8 12 56 37 36 30 17 45 37 70 51 45 49 17 20 23 9 17 73 76 70 38 0 0 0 0 0 0 0 0 0 0 19 78 82 85 91 25 0 84 89 90 91 69 99 97 65 60 98 99
73 16 10 5 2 30 4 7 5 6 24 3 13 39 29 16 11 6 11 6 8 11 76 27 11 8 32 6 11 16 23 16 28 7 5 8 17 31 39 55 34 32 46 69 82 42 23 15 67 54 35 17 54 72 53 39 44 33 58 76 53 6 13 17 22 73 73 1 0 0 0 0 0 0 0 10 2 0 1 51 74 61 98 60 69 69 71 89 87 82 64 84 60 88 88 95
39 11 0 16 18 20 9 0 5 8 30 10 1 10 4 11 6 10 16 50 11 12 18 7 6 25 15 14 24 9 34 32 12 3 10 15 27 47 10 7 13 25 39 60 40 9 62 64 93 30 0 29 40 38 39 56 65 38 29 46 59 33 46 29 31 54 24 0 0 0 0 0 0 0 0 10 18 23 41 21 12 12 77 80 92 28 24 65 95 68 24 89 94 93 100 81
70 27 21 2 6 2 3 2 14 12 10 2 5 23 9 15 8 19 22 7 10 14 4 1 22 35 41 32 12 10 24 11 23 9 17 35 64 54 28 16 18 24 26 45 23 25 19 62 90 19 0 19 23 0 1 45 31 19 41 45 47 50 44 56 33 28 20 0 0 0 0 0 1 2 2 24 18 32 51 51 51 37 68 94 100 100 99 91 82 86 53 77 56 77 90 60
48 27 31 18 5 25 0 2 1 12 4 3 2 0 1 5 15 11 11 12 18 9 1 1 7 33 19 0 8 7 8 8 20 49 23 43 69 43 19 55 32 49 17 85 58 48 89 38 54 24 3 3 19 0 9 60 58 75 66 78 43 71 69 22 17 22 26 3 0 0 4 3 7 4 0 15 39 52 67 53 82 95 91 73 69 97 100 98 67 61 46 80 71 92 99 75
83 55 34 30 15 14 1 3 6 30 4 8 3 6 1 11 8 11 19 16 30 13 1 12 0 45 49 5 45 23 17 30 0 25 26 24 42 32 55 33 19 34 29 42 50 68 51 30 9 4 5 0 9 0 0 31 7 72 43 57 64 74 56 10 8 39 56 2 4 1 23 39 11 5 0 0 26 31 34 48 53 71 86 88 68 52 94 92 83 81 73 84 91 98 99 88
52 23 54 39 14 10 6 10 16 34 29 10 11 4 8 5 3 7 20 15 34 29 9 7 9 26 34 5 16 47 29 33 20 26 52 59 81 88 46 20 35 27 49 50 38 17 21 6 35 4 0 0 15 48 21 24 6 67 35 68 77 56 32 16 31 37 7 1 9 24 28 17 18 1 34 2 57 63 76 82 28 60 96 83 46 72 52 97 88 63 72 92 83 86 81 48
24 34 28 8 28 8 3 19 12 2 25 3 0 8 4 9 16 3 21 15 15 10 10 13 3 10 1 6 11 34 15 34 80 44 22 49 57 54 18 45 39 31 42 60 35 60 10 4 0 0 0 0 1 32 36 36 27 28 18 73 82 75 26 7 7 20 7 5 28 34 7 0 49 37 54 69 65 48 77 89 49 50 94 66 90 85 89 74 49 55 89 96 91 62 45 69
7 26 19 54 71 11 2 20 32 13 6 1 11 4 9 10 24 24 21 61 35 25 37 35 4 3 4 4 24 10 10 21 83 27 22 20 28 27 36 19 39 30 50 29 62 49 37 13 4 0 0 1 0 0 11 39 51 43 31 66 32 27 12 17 32 0 42 19 31 75 53 17 43 9 56 91 79 66 72 71 34 58 68 66 96 63 71 79 92 87 100 85 58 76 86 77
7 14 19 39 58 28 4 13 2 0 9 7 7 5 5 6 9 78 32 63 62 53 26 24 2 1 4 6 9 40 15 13 47 48 25 20 48 44 21 20 15 47 36 33 59 21 47 29 9 3 0 5 19 0 3 10 46 45 66 48 48 32 37 2 10 13 33 69 66 94 99 95 62 6 61 99 94 54 62 89 43 72 80 63 94 92 79 51 50 82 100 75 59 81 35 19
55 74 40 64 34 52 14 11 2 4 10 15 3 1 11 11 54 44 3 6 22 16 13 5 6 6 1 19 20 39 34 8 25 41 19 43 37 25 25 29 23 33 45 34 66 41 48 28 54 51 15 22 39 10 49 69 75 94 46 80 73 39 46 11 24 31 34 75 82 72 99 99 94 55 80 95 68 10 54 70 86 77 92 52 63 95 65 63 61 81 35 32 33 32 16 91
97 71 33 47 41 34 15 11 34 9 7 26 11 9 4 24 66 90 32 6 7 26 23 6 9 4 3 6 9 21 34 6 13 38 72 41 50 36 37 77 13 34 67 88 48 20 27 60 85 66 53 88 85 9 21 63 65 68 40 40 50 41 25 45 46 50 56 78 50 49 87 96 95 81 67 57 47 28 32 51 62 40 59 23 65 98 91 88 79 80 70 59 48 25 60 58
58 19 21 36 80 9 5 13 10 17 11 1 0 8 17 40 63 87 69 63 19 35 54 39 37 11 1 0 3 8 31 6 10 3 1 15 38 35 56 58 55 23 43 89 74 27 25 45 53 81 81 78 90 68 70 49 73 32 54 36 52 61 65 70 70 52 42 92 56 32 83 75 81 95 75 69 73 74 66 87 81 39 65 59 69 68 59 60 36 33 71 61 75 38 31 35
55 13 44 38 48 12 8 9 10 17 4 8 4 2 3 71 50 38 9 2 10 28 34 16 59 25 3 10 2 8 4 17 8 33 11 65 51 27 57 58 40 31 36 38 63 17 21 38 35 66 55 23 65 69 94 87 55 44 31 40 21 70 54 62 84 75 80 88 34 22 26 41 68 49 60 70 66 85 78 54 86 54 44 33 28 36 57 45 25 47 64 65 47 45 44 34
62 73 83 53 28 8 28 8 28 0 5 27 20 27 8 16 45 16 1 2 2 19 39 1 75 92 52 31 36 6 16 12 7 8 7 37 85 81 49 25 37 40 21 41 50 35 18 78 75 32 58 26 30 50 73 31 55 25 46 56 11 64 61 73 46 46 53 84 99 69 72 26 76 51 87 92 56 90 42 41 81 29 17 9 37 70 38 58 16 65 77 31 54 41 61 85
48 32 61 62 37 7 15 60 6 0 28 40 60 28 68 64 17 11 7 11 2 35 62 28 44 62 27 35 57 7 39 67 31 28 36 52 64 56 54 19 22 12 36 54 35 55 22 74 57 71 67 79 82 79 65 50 67 36 31 21 35 54 57 55 21 52 54 68 67 63 57 14 27 51 92 58 47 66 19 36 39 45 44 29 39 50 58 27 29 40 28 63 56 29 57 87
20 22 29 16 27 11 21 2 8 9 48 27 55 60 33 28 12 28 14 20 8 19 25 55 27 33 8 77 48 12 63 52 68 62 46 61 25 34 50 16 0 14 57 48 69 80 70 72 76 96 51 29 68 70 15 77 92 45 22 47 36 32 57 78 92 66 47 69 54 56 31 32 53 83 88 76 32 68 19 18 19 50 62 36 28 35 71 62 27 39 35 48 93 74 79 32
7 36 26 11 26 40 12 6 1 12 33 37 40 17 46 23 15 4 25 44 18 16 53 19 9 23 21 40 45 16 52 51 42 54 63 27 31 22 28 11 0 5 42 55 83 59 32 40 44 47 74 40 44 59 49 84 71 89 69 74 50 40 58 85 51 39 40 78 95 58 54 33 38 73 71 98 75 51 6 8 53 65 54 48 44 18 27 31 40 75 69 16 40 55 47 19
64 44 51 32 1 24 26 10 0 5 18 23 56 34 2 14 36 54 69 18 16 4 8 7 12 17 30 36 26 29 46 64 24 45 58 63 41 56 38 6 0 15 19 42 88 70 33 12 40 35 57 41 46 13 72 66 34 67 79 68 92 49 42 39 35 60 42 52 96 70 66 32 66 81 48 33 31 60 17 23 39 90 46 27 62 21 66 70 45 34 41 53 45 47 81 72
34 41 18 15 33 27 42 0 0 9 1 29 71 21 6 9 40 15 43 28 32 51 19 15 44 25 41 81 61 4 17 34 46 41 12 39 58 68 50 0 3 7 7 39 37 51 41 27 43 36 44 44 38 19 30 69 55 85 88 68 71 65 78 45 47 61 37 74 66 63 53 87 100 60 75 64 57 59 51 73 44 42 19 30 31 31 71 82 59 38 35 60 40 78 84 81
19 12 10 56 25 52 29 2 0 11 2 22 26 16 2 8 3 10 22 16 15 38 53 14 31 34 53 44 39 27 31 7 21 33 40 39 68 87 11 5 10 2 70 68 19 37 64 74 69 34 52 51 25 22 61 65 78 26 35 71 50 62 81 49 51 88 63 52 14 25 43 95 99 73 60 59 88 55 61 51 29 54 61 65 52 55 42 44 39 19 31 28 57 73 32 62
53 3 8 9 19 74 49 26 2 2 16 40 61 17 5 5 12 3 22 45 40 40 27 42 42 43 74 50 46 9 30 23 22 19 16 34 53 29 43 10 31 35 21 55 6 4 17 68 33 52 55 57 25 44 56 72 63 61 46 45 28 83 99 69 56 75 54 0 0 0 15 37 87 77 56 43 53 29 49 71 35 92 83 37 75 73 60 90 36 21 23 8 44 43 66 98
82 30 27 11 38 45 48 17 26 30 44 66 19 1 0 0 2 15 73 28 59 47 21 42 65 33 35 69 55 9 20 39 46 34 30 75 31 40 48 25 72 60 14 43 38 9 22 9 48 38 50 32 69 38 33 42 54 56 73 52 78 66 93 23 25 73 51 2 0 0 4 35 39 44 78 40 61 62 84 83 41 91 83 49 73 74 32 39 46 7 13 5 8 48 76 63
50 42 59 20 37 67 81 66 44 49 78 35 45 3 0 0 15 13 18 0 2 51 77 75 61 72 46 50 43 44 19 39 87 79 16 49 59 32 92 56 82 90 71 37 23 7 47 33 62 79 52 32 92 74 40 33 54 52 50 47 91 68 49 6 24 67 37 4 0 0 8 34 43 39 28 48 74 49 70 60 51 100 93 25 43 45 41 29 52 49 17 2 38 36 36 47
16 36 82 34 19 73 67 55 49 41 60 27 49 12 0 2 2 14 19 45 8 25 24 48 57 34 29 12 34 5 2 27 70 92 65 45 46 64 32 37 50 69 43 16 37 30 49 38 25 55 54 4 44 60 77 29 36 41 29 13 34 33 60 39 61 12 45 40 24 12 72 49 16 4 42 38 80 43 67 66 55 100 70 20 48 36 49 44 39 64 37 35 54 87 82 83
64 26 26 24 31 20 28 60 50 47 75 54 49 1 0 3 0 0 35 63 12 17 27 19 36 65 54 25 41 58 10 23 44 60 77 52 32 72 60 86 58 80 41 30 44 67 55 71 31 84 43 0 19 64 60 69 68 38 56 8 19 26 31 13 52 50 23 43 81 30 92 10 9 17 21 33 80 66 32 79 46 74 47 28 55 85 80 54 50 48 31 20 15 74 90 99
68 57 23 43 57 71 77 25 72 66 64 48 67 1 4 0 13 1 15 17 15 43 35 30 10 50 80 75 48 34 52 60 31 28 32 67 31 70 68 37 36 67 35 32 55 37 40 17 61 67 36 13 54 78 68 82 81 45 40 38 15 30 16 19 51 55 22 34 53 37 68 42 23 23 32 10 9 75 64 37 51 60 54 70 45 40 47 50 21 28 47 93 83 90 43 79
73 69 34 73 64 67 53 54 21 29 37 55 24 10 20 9 19 9 0 0 1 15 57 54 63 42 71 80 73 81 68 74 49 57 43 41 48 44 74 69 34 43 34 19 61 48 53 29 41 33 38 52 50 37 55 78 88 27 7 34 14 17 18 16 23 41 44 10 18 49 22 22 28 45 15 23 42 91 53 13 46 58 89 93 74 91 49 68 62 29 36 50 21 46 95 70
55 35 28 74 60 63 68 44 1 47 65 77 69 26 45 6 33 16 7 1 2 28 53 74 38 9 38 59 58 60 75 52 43 75 60 84 93 27 75 40 58 56 47 69 61 77 68 50 57 80 79 35 46 64 74 83 41 54 11 17 5 29 51 31 14 23 47 44 25 31 54 35 41 48 27 36 52 79 14 7 42 89 69 52 66 38 64 65 59 34 25 50 74 29 96 82
35 35 58 82 61 90 74 47 39 80 76 68 62 42 6 0 11 16 29 18 22 50 48 81 87 50 26 50 81 77 40 40 95 75 76 86 88 73 73 88 78 83 76 89 80 68 81 78 65 20 50 68 50 42 83 61 39 63 19 33 51 25 50 50 42 10 23 15 24 6 77 54 30 44 28 32 63 54 18 38 38 50 42 29 44 37 67 75 51 23 48 92 57 69 88 75
46 80 19 59 51 73 47 36 27 39 24 60 27 13 0 0 3 21 84 56 20 19 38 67 55 62 21 48 70 89 81 54 60 57 81 100 64 64 75 76 95 84 98 90 74 88 86 93 60 25 50 75 64 80 77 45 31 70 68 70 39 37 49 27 17 26 13 12 49 42 31 42 43 61 77 57 13 18 1 48 57 69 66 35 38 11 28 60 8 60 88 84 32 60 71 88
71 69 24 66 29 58 95 70 48 18 55 60 20 6 5 13 0 27 34 25 5 29 29 55 64 73 28 0 9 73 49 60 73 72 73 84 81 79 74 92 79 69 88 87 88 99 80 56 82 49 67 61 78 68 61 42 17 41 82 45 59 35 40 31 25 17 25 33 55 37 50 71 48 71 87 56 40 19 61 36 79 89 85 80 62 36 70 54 21 20 83 73 49 58 32 73
69 94 55 53 43 72 85 74 61 18 19 39 41 0 3 21 36 26 30 9 0 3 40 51 56 39 24 7 0 19 80 42 62 50 85 81 100 70 87 100 65 83 96 98 98 89 42 28 81 82 47 61 51 73 67 67 39 36 61 75 73 96 32 29 42 25 7 19 61 68 44 41 50 70 35 2 34 1 67 58 81 91 81 45 54 45 41 33 20 43 88 47 55 44 13 29
72 73 57 36 28 78 62 34 49 44 59 55 55 21 11 15 43 31 14 15 6 9 31 87 91 87 44 17 16 30 80 70 34 87 81 58 86 82 99 90 89 70 94 81 85 85 73 57 99 73 68 63 45 36 51 89 65 67 74 90 74 61 35 36 42 34 27 27 22 91 21 30 10 21 4 16 9 0 58 79 72 89 83 72 63 27 26 6 51 50 69 61 71 80 51 43
42 58 46 58 63 73 39 71 59 53 55 50 66 34 0 37 49 41 44 16 40 64 70 55 85 91 84 87 71 49 53 56 60 89 75 89 78 67 73 67 80 58 68 78 58 67 69 81 96 52 42 72 67 27 66 72 89 45 66 88 88 49 25 21 32 43 51 21 23 57 42 21 7 3 6 25 0 1 19 50 53 89 75 87 38 52 22 17 33 54 31 39 68 42 27 37
20 2 19 86 96 93 70 63 62 89 48 63 70 22 12 33 39 46 42 20 20 43 78 70 66 79 90 88 58 35 73 44 80 48 69 94 47 59 91 89 70 93 95 84 39 9 79 84 72 75 77 73 61 84 52 25 76 61 71 46 66 77 41 44 55 50 32 36 44 32 5 0 0 0 0 0 0 8 23 3 24 47 57 46 29 43 16 53 25 6 25 28 48 52 15 8
36 31 58 88 94 82 96 51 10 49 49 63 60 55 21 42 34 76 58 29 9 47 73 73 82 65 75 82 87 57 61 94 52 7 52 19 6 51 74 77 23 53 94 81 51 82 91 80 40 62 69 82 62 71 75 43 51 60 38 36 57 53 38 24 33 35 26 24 39 35 0 0 0 0 0 0 0 0 0 0 17 79 83 70 43 2 25 65 27 18 24 49 50 37 25 15
70 38 56 58 45 57 80 36 44 67 63 52 58 41 50 37 33 35 52 58 25 32 73 70 97 90 44 52 90 77 82 68 35 79 32 3 1 31 29 19 40 16 68 87 81 87 85 95 54 11 91 93 62 65 54 45 23 66 58 58 40 38 81 61 44 74 68 26 43 25 1 0 0 0 0 0 0 0 0 0 4 47 29 21 33 47 38 62 61 26 68 60 70 35 6 19
26 23 11 9 48 23 48 0 29 40 60 80 38 60 41 7 25 14 35 80 16 10 53 85 71 76 76 73 71 35 47 56 57 59 79 19 16 10 0 0 51 66 59 52 64 87 72 82 47 39 27 56 83 73 78 43 17 13 66 83 28 61 59 42 43 91 74 19 10 14 0 0 0 0 0 0 0 0 0 9 52 31 65 33 59 35 11 49 35 31 93 37 34 37 44 34
59 64 27 45 29 21 7 0 10 26 68 69 16 32 21 0 0 29 24 20 41 17 74 96 68 69 86 50 56 24 39 56 77 79 50 47 37 4 0 0 33 69 15 72 94 99 99 93 74 26 67 94 72 90 56 75 32 58 36 45 44 80 92 56 86 57 80 44 24 47 18 1 0 4 0 0 0 1 15 54 88 80 86 88 82 71 22 17 8 62 51 62 74 60 71 68
73 88 36 24 25 0 4 1 0 0 27 19 0 0 23 3 0 5 33 23 37 3 45 67 86 68 67 51 63 46 49 71 88 65 73 24 34 3 0 1 41 60 26 67 67 95 89 83 46 49 88 87 94 95 78 84 83 56 61 96 21 30 49 62 46 64 78 69 64 65 18 7 13 11 0 0 0 0 8 67 82 65 90 81 84 94 74 65 23 53 89 88 81 89 88 91
92 61 3 1 2 0 0 0 0 0 0 0 0 1 29 2 0 2 23 31 1 3 48 74 55 38 24 73 60 45 56 69 80 84 88 57 27 19 4 22 68 57 18 50 56 66 77 48 67 62 51 52 94 92 55 49 78 64 80 80 72 63 72 87 72 78 60 71 64 42 33 10 35 0 0 0 8 3 0 1 72 70 86 76 45 40 52 56 29 40 72 65 63 76 56 51
60 43 12 0 0 0 0 0 0 0 0 0 0 0 23 9 0 7 12 68 50 29 59 67 42 1 0 5 38 19 46 46 35 58 89 85 33 37 64 54 73 46 41 26 83 81 62 61 42 78 60 80 50 82 59 71 40 78 56 42 43 70 70 82 79 69 36 65 33 24 66 32 18 0 0 0 0 13 26 9 36 68 65 73 54 48 12 48 74 48 40 74 51 79 81 76
65 61 37 6 2 0 0 0 0 0 0 0 0 0 0 0 0 0 14 28 48 64 60 10 0 0 0 0 1 36 65 46 54 76 79 32 32 65 77 41 38 53 64 19 54 77 14 5 69 68 29 52 86 98 69 11 54 29 18 39 62 76 30 8 58 68 78 72 54 2 12 14 20 5 0 4 2 29 70 66 35 39 35 25 34 41 52 48 62 29 53 76 80 36 35 60
99 67 76 43 0 0 0 0 0 0 0 0 0 0 0 0 0 0 1 3 40 56 78 1 0 0 0 0 5 34 88 62 71 67 80 27 19 63 53 37 48 48 80 58 54 52 15 1 34 45 80 92 62 85 47 15 43 49 57 26 24 12 10 51 81 47 65 28 55 4 31 30 6 34 40 31 25 42 51 95 85 24 49 22 11 35 65 30 44 82 91 84 98 82 70 84
79 76 80 57 4 0 0 0 0 0 0 0 0 0 0 0 0 3 26 12 19 41 76 52 0 0 0 0 0 0 22 68 77 56 46 66 28 26 67 37 63 46 84 75 39 8 20 12 53 87 92 89 49 46 47 28 17 33 27 5 9 46 23 55 62 69 62 22 45 14 41 7 12 43 32 77 57 32 77 52 52 71 71 95 57 26 89 78 76 84 85 46 93 78 22 35
64 83 65 25 19 7 36 52 0 0 0 0 0 0 0 0 13 23 10 34 38 35 3 1 0 0 0 0 10 10 60 90 83 65 50 88 55 33 70 80 36 72 59 61 18 25 32 37 62 58 64 79 80 35 30 60 54 33 22 10 25 73 60 75 73 49 68 13 32 14 23 27 47 9 7 58 93 30 20 71 56 69 91 75 75 42 93 52 64 62 73 74 86 52 4 45
82 66 76 67 70 40 47 1 0 0 0 0 0 0 0 0 0 9 32 32 9 13 0 0 0 0 0 0 4 35 52 49 78 81 91 57 48 18 64 87 73 87 88 60 70 35 24 32 11 34 68 94 37 53 38 39 56 15 0 3 26 64 49 76 20 19 50 38 21 59 13 13 79 68 52 34 87 56 29 65 77 37 65 66 18 81 84 34 55 33 64 93 76 54 21 73
95 76 39 20 75 67 41 2 2 0 0 0 0 0 0 0 0 19 49 5 0 0 0 0 0 0 0 0 7 12 32 80 96 85 71 70 55 30 76 82 87 98 56 73 83 45 65 50 15 25 60 54 6 26 64 37 7 2 0 0 11 50 79 66 14 42 46 30 15 81 21 61 70 65 37 35 68 11 38 51 26 50 57 20 16 48 91 73 42 66 75 70 67 73 41 51
86 40 6 10 68 22 22 17 1 0 0 0 0 0 0 0 0 36 20 40 24 0 0 0 0 0 0 0 0 0 4 18 34 60 54 50 23 42 48 45 58 80 68 71 81 73 87 68 19 12 25 17 0 0 56 82 38 59 12 0 6 46 43 81 25 37 48 73 15 31 23 26 56 33 30 18 25 12 54 65 25 31 16 18 7 55 50 54 23 43 44 53 14 15 33 28
57 55 44 24 30 34 11 0 0 0 0 0 0 0 0 0 0 46 28 39 5 0 0 0 0 0 0 0 0 0 1 7 12 36 41 1 36 37 47 55 59 68 58 69 75 72 77 47 13 4 1 0 2 18 84 100 75 64 38 9 28 52 43 60 25 85 55 71 47 31 33 55 47 36 64 26 16 67 24 50 29 10 28 48 27 37 82 79 34 45 52 76 33 42 68 26
55 80 32 79 62 27 31 9 14 12 2 0 0 0 0 0 0 4 12 2 1 0 0 0 0 0 0 0 0 2 19 28 20 56 35 8 48 71 81 62 94 61 43 58 23 34 78 43 38 41 52 13 5 1 43 69 76 76 72 55 56 35 33 51 72 91 43 54 47 27 34 42 17 24 6 15 44 62 42 24 24 29 34 31 26 62 64 74 55 69 32 11 8 23 67 41
40 95 82 23 0 0 8 14 2 0 0 0 0 0 0 0 0 0 0 0 0 0 0 0 0 0 0 0 0 5 2 0 0 3 40 28 64 73 70 94 95 76 88 81 51 68 96 71 71 35 70 14 61 48 21 53 44 41 48 40 59 47 28 57 97 78 83 82 37 34 37 55 67 66 40 46 47 45 3 5 22 40 67 16 22 38 61 86 81 77 14 15 54 67 77 66
57 55 81 78 3 0 0 0 0 0 0 0 2 0 0 0 0 0 0 0 0 0 0 0 0 0 0 0 3 20 18 3 0 5 47 51 51 44 61 90 83 57 86 42 71 86 78 72 65 57 34 25 50 73 71 84 34 22 39 40 69 73 80 53 43 35 68 45 43 56 59 36 68 59 56 41 39 40 28 41 39 44 52 11 39 44 27 77 34 29 7 59 56 63 85 55
24 54 77 63 0 0 0 0 0 0 0 0 0 0 0 0 0 0 0 0 0 0 0 0 0 0 0 0 1 2 12 19 21 11 29 66 53 67 78 89 46 36 26 18 57 54 38 56 60 49 39 2 9 91 55 50 57 42 58 53 96 87 82 54 74 75 24 55 47 36 47 52 64 35 52 21 35 77 65 67 46 49 39 57 48 29 19 76 14 0 4 65 46 66 71 54
5 79 38 57 8 1 0 0 0 0 0 0 0 0 2 0 0 0 0 0 0 0 0 0 0 0 0 0 0 0 0 0 0 0 2 44 34 69 75 61 30 37 32 65 39 42 27 7 48 37 8 7 19 61 42 24 45 76 22 61 98 94 66 79 92 100 90 78 42 23 44 42 68 29 27 18 21 48 49 34 78 92 56 38 53 47 51 55 33 0 46 90 89 63 72 67
