Data/Land Cover 1km/FME_656D6600_1589209169783_10689/temp/lcm2007_aggregate_classes_1km_gb_1.asc
ncols 700
nrows 1300
xllcorner 0
yllcorner 0
cellsize 1000
[rows 567 to 647 of 1300, columns 192 to 287 of 700]
5 57 27 33 31 32 68 33 0 11 16 5 0 0 0 0 0 0 0 0 0 0 0 0 0 0 0 0 0 0 18 0 2 3 0 0 0 0 0 0 7 1 0 0 0 0 0 0 0 0 0 0 0 0 0 0 0 0 0 0 0 0 0 0 7 13 26 0 0 6 0 0 0 0 0 0 0 0 0 0 0 0 0 0 4 0 0 0 0 1 0 0 2 0 0 0
25 45 41 7 3 33 43 14 14 10 40 0 0 0 0 0 0 0 0 0 0 0 0 0 8 9 0 0 0 0 1 4 3 13 3 1 2 1 1 0 3 3 0 0 0 0 0 0 0 0 0 0 0 0 0 0 0 0 0 0 0 0 0 3 10 2 6 0 2 0 0 0 0 0 0 0 0 0 0 0 0 0 0 0 0 0 0 0 0 0 0 0 0 0 0 5
23 6 0 3 5 9 34 3 12 30 14 4 0 0 0 0 0 0 0 0 0 0 1 12 0 0 0 0 0 5 29 13 8 0 1 4 7 0 0 2 3 2 0 0 0 0 0 0 0 0 0 0 0 0 0 0 0 0 0 2 3 1 1 6 1 1 6 0 0 0 0 0 0 0 0 0 0 0 0 0 0 0 0 0 0 0 0 0 0 0 0 5 2 0 0 0
0 1 3 0 0 6 15 25 15 58 12 13 2 0 0 0 0 0 0 0 0 0 9 5 0 0 0 0 1 3 2 0 1 2 0 0 0 0 0 0 0 2 0 2 0 0 0 0 0 0 0 0 0 0 0 0 0 0 6 6 6 5 2 1 7 7 0 0 0 0 0 0 0 0 0 0 0 0 0 0 0 0 0 0 0 0 0 2 3 0 0 0 0 0 0 0
4 1 0 14 10 35 32 30 12 55 13 42 1 0 0 0 0 0 0 0 0 3 5 8 4 0 6 6 10 1 0 0 1 2 0 0 0 0 2 0 0 0 4 8 0 0 0 0 0 0 0 0 0 0 8 18 4 3 14 1 4 2 0 4 1 0 0 0 0 0 0 0 0 0 0 0 0 0 0 0 1 0 0 0 0 0 0 9 0 0 0 0 0 0 0 0
0 20 8 1 1 7 0 4 20 55 34 17 0 1 15 12 1 0 0 5 14 5 14 21 23 11 2 21 38 11 1 1 0 1 0 0 0 0 0 1 1 0 0 7 12 1 0 0 0 0 0 9 7 6 7 1 2 0 1 0 0 0 0 0 0 0 0 0 0 0 0 0 0 0 0 0 0 0 0 3 0 0 4 0 0 0 0 9 0 0 0 0 0 0 0 0
0 2 0 1 1 0 0 0 2 26 18 33 0 0 1 13 29 25 16 13 4 0 5 5 2 10 21 1 7 16 3 2 3 1 0 0 0 0 0 0 2 1 0 10 3 14 0 0 8 3 6 6 6 1 0 0 0 0 0 0 0 0 0 0 0 6 0 0 0 0 0 0 0 0 0 0 0 0 0 0 0 1 0 0 0 0 0 0 0 0 0 0 0 0 0 0
0 0 0 0 0 0 0 0 5 1 0 12 5 0 2 0 11 7 11 0 1 14 0 0 0 0 1 1 1 1 0 0 0 0 0 0 0 0 0 0 0 0 0 10 0 8 6 5 3 2 0 0 0 0 0 0 0 0 0 0 0 0 0 0 0 1 3 0 0 13 0 0 0 0 0 5 3 0 0 0 0 25 12 3 0 0 0 0 0 0 1 2 0 0 11 7
0 0 0 0 0 0 0 0 0 0 0 15 0 0 1 11 22 11 3 4 3 4 4 7 0 0 0 0 0 0 1 3 0 0 0 0 0 0 0 0 0 0 0 0 0 0 0 4 0 2 0 0 0 0 0 0 0 0 0 0 0 0 0 0 0 0 17 2 10 2 1 14 6 2 10 14 13 15 11 0 9 6 35 32 0 0 0 0 1 18 2 17 15 23 23 15
0 0 0 0 0 0 1 5 5 16 0 0 0 8 9 22 4 1 28 23 0 1 0 0 0 0 0 0 0 0 0 0 0 0 0 0 0 0 0 0 0 0 0 0 2 0 0 0 1 0 0 0 0 0 0 3 0 0 0 0 0 0 0 0 0 0 27 13 4 11 1 8 9 10 18 19 24 41 26 25 37 11 18 12 33 4 0 27 19 11 15 36 28 5 16 8
0 0 0 0 0 0 0 4 3 15 0 15 0 6 9 6 33 58 11 1 0 0 2 0 0 0 0 0 0 0 0 0 0 0 0 0 0 0 0 0 0 0 1 0 0 0 0 0 0 0 0 0 0 0 0 1 0 0 0 0 0 6 0 0 0 11 33 14 16 34 35 19 4 2 0 0 0 17 12 3 6 11 14 14 57 22 30 8 2 11 6 27 3 6 27 7
3 0 0 0 0 0 0 0 4 5 17 18 6 6 11 19 18 23 10 0 5 0 0 0 0 0 0 0 0 0 0 0 0 0 0 0 0 0 0 0 0 1 7 0 0 0 0 0 0 0 0 0 0 0 0 1 0 0 0 0 0 8 0 0 2 26 4 2 2 2 0 3 0 0 0 0 0 0 3 1 0 3 10 6 17 2 7 8 28 27 28 8 5 5 0 0
4 0 0 0 0 0 0 0 15 9 29 5 9 3 5 1 1 1 4 0 0 0 0 0 0 0 0 0 0 0 0 0 0 0 0 0 0 0 1 13 28 9 0 0 0 0 0 0 0 0 0 0 0 0 0 3 2 5 6 11 25 29 11 13 11 4 0 3 0 0 0 0 0 0 0 0 1 0 0 0 0 2 5 3 0 11 2 14 31 6 3 1 0 0 8 3
0 0 0 0 0 0 0 1 8 2 16 19 0 0 0 0 2 0 0 0 0 0 0 0 0 0 0 0 0 0 0 0 0 0 0 0 0 0 0 12 28 0 0 0 0 0 0 0 0 0 0 0 0 2 3 6 15 6 0 2 3 35 26 8 4 0 0 2 1 0 0 0 0 0 0 0 0 0 0 0 0 0 0 4 2 13 4 22 1 1 10 27 5 1 3 2
0 0 0 1 4 11 8 11 21 22 8 0 0 0 0 0 5 0 0 0 0 0 0 3 6 0 0 0 0 0 0 0 0 0 0 0 0 0 1 54 35 0 0 0 0 0 0 0 0 0 0 2 8 6 2 4 0 2 0 0 0 18 16 3 10 2 0 3 2 0 0 0 0 0 0 0 0 0 0 0 0 8 8 4 4 8 0 0 0 0 6 4 61 16 6 8
0 0 0 0 3 7 27 21 4 9 0 0 0 0 0 0 0 0 0 0 0 0 2 13 0 0 0 0 0 0 2 0 0 0 0 0 0 0 12 61 26 0 0 0 0 0 0 0 0 1 0 7 3 2 3 0 0 0 0 0 2 22 0 6 18 1 0 0 1 0 0 0 0 0 0 0 0 0 0 3 9 12 2 0 3 15 2 1 11 1 0 10 20 2 0 1
0 0 0 0 0 0 3 12 1 4 0 0 0 0 1 0 3 2 2 2 0 4 46 15 0 0 0 0 0 0 13 0 0 0 0 0 0 0 2 56 11 0 0 0 0 0 0 0 0 0 3 3 0 0 1 0 0 0 0 0 0 0 4 16 8 3 0 0 0 0 0 0 0 0 0 0 0 0 0 5 0 0 0 0 0 0 0 0 0 0 1 0 2 6 6 7
1 5 24 12 0 1 0 2 10 10 5 0 0 0 0 0 6 3 0 0 0 26 20 0 0 0 0 0 2 0 3 0 0 0 0 0 0 0 13 26 11 17 0 0 0 0 0 0 0 0 0 0 0 0 0 0 0 0 0 0 0 0 1 12 3 2 0 0 0 0 0 0 0 0 0 0 0 1 0 0 0 0 0 0 0 0 0 0 0 0 4 2 9 2 8 5
5 8 3 2 2 4 5 10 8 1 2 0 0 0 0 0 20 1 4 0 2 33 0 0 0 0 0 0 1 1 1 0 0 0 0 0 0 0 4 26 12 56 0 0 0 0 0 0 0 0 0 0 0 0 0 0 0 0 0 0 0 0 0 9 4 4 2 0 0 0 0 0 0 0 0 0 0 1 0 0 0 0 0 0 0 0 0 0 0 0 0 0 1 8 4 0
0 1 1 0 39 20 2 13 4 0 2 0 0 0 0 0 13 14 2 0 9 13 0 0 0 0 0 3 1 0 0 0 0 0 0 0 0 0 0 17 47 47 1 0 1 1 6 12 0 0 0 0 0 0 0 0 0 0 0 0 0 0 0 4 4 11 10 0 0 0 0 0 0 0 0 0 0 0 0 0 4 0 26 2 7 0 0 0 7 0 0 0 0 3 0 0
0 0 0 11 19 2 10 1 3 0 0 0 0 0 0 5 23 40 0 11 8 1 0 0 0 3 19 16 1 0 0 0 0 0 0 0 0 0 0 0 16 34 0 0 0 0 0 4 4 0 0 0 0 0 0 0 0 0 0 0 0 0 0 1 0 6 15 0 0 0 0 0 0 0 0 0 0 0 0 0 2 0 0 0 0 0 0 0 5 2 0 0 1 0 1 0
0 1 0 3 1 0 3 2 0 0 0 1 0 0 0 3 59 17 3 42 23 0 0 4 36 33 14 1 0 0 0 0 0 0 0 0 0 0 0 0 1 25 0 0 0 0 0 0 4 7 0 0 0 0 4 0 0 0 0 0 0 0 0 0 0 5 11 1 0 0 0 0 0 0 0 0 0 0 0 0 0 0 0 0 0 0 0 0 0 10 8 3 4 0 13 3
0 0 0 2 0 8 1 0 0 0 0 0 0 0 0 10 15 4 44 4 5 7 1 34 9 33 15 0 0 0 0 0 0 0 0 0 0 0 0 4 20 21 0 0 0 0 0 5 2 13 17 7 29 3 17 14 0 0 0 0 0 1 2 0 0 1 14 11 0 0 0 1 0 0 0 0 0 0 0 0 0 0 0 0 0 0 0 0 0 4 15 12 9 1 3 1
0 0 0 1 8 8 0 0 0 0 0 0 0 0 0 5 14 34 13 24 28 20 6 0 23 26 13 2 0 0 0 0 0 0 0 0 0 2 4 22 5 32 2 3 0 0 0 0 6 16 1 1 0 1 0 10 20 0 0 2 1 6 0 0 0 1 25 12 6 18 0 18 3 0 0 0 0 0 0 0 0 0 0 0 2 1 0 5 2 12 18 2 5 1 0 1
0 0 1 1 0 0 0 0 0 0 0 0 0 0 3 20 57 6 0 3 1 8 28 26 6 1 0 0 2 0 0 0 0 0 0 0 0 0 4 3 15 24 18 0 0 0 2 6 0 0 8 4 3 0 6 8 1 13 2 0 2 19 0 0 2 2 19 51 43 15 25 41 39 13 1 0 0 0 0 0 0 0 0 0 0 1 0 6 0 0 20 10 2 1 0 0
2 0 0 19 0 0 0 0 0 0 0 0 0 0 0 1 15 0 0 7 28 5 10 11 0 0 0 0 0 0 0 0 0 0 0 0 0 0 3 2 16 7 25 0 0 0 0 2 0 0 0 0 0 0 1 0 12 78 51 7 23 31 1 0 0 0 0 1 7 26 29 12 16 11 0 0 0 1 2 0 0 0 0 0 4 1 19 8 1 0 3 0 0 2 2 0
1 0 2 5 0 0 0 0 0 0 0 0 0 0 0 17 0 0 13 36 5 0 1 0 3 1 1 0 0 0 0 0 0 0 0 0 0 0 18 12 19 0 49 0 0 0 0 0 0 5 2 0 0 0 0 0 9 40 20 33 36 60 49 9 5 11 0 2 11 7 22 5 20 16 2 3 1 0 0 0 0 0 0 0 0 5 19 23 7 0 0 0 0 0 0 0
1 0 0 0 0 0 0 0 0 0 0 0 1 17 5 15 0 0 32 2 0 0 0 1 0 9 48 16 0 0 0 0 0 0 0 0 0 19 26 1 16 0 10 0 0 0 0 0 0 0 18 0 0 0 0 0 0 0 0 2 0 1 12 12 8 1 5 6 0 0 6 5 10 14 5 1 7 4 1 16 3 9 0 0 0 6 11 20 0 4 1 6 0 0 0 0
0 0 2 0 0 0 0 0 0 0 0 0 0 7 5 5 0 6 2 0 0 0 0 0 6 12 8 4 1 0 0 0 0 8 3 1 25 21 39 26 17 10 0 0 0 0 0 0 0 1 13 5 0 0 0 0 0 0 0 4 17 2 3 4 11 2 2 13 0 1 1 1 6 9 18 11 22 8 12 19 1 12 3 8 0 2 0 4 0 3 0 0 0 0 0 0
0 0 0 0 0 0 0 0 0 2 0 0 1 0 0 2 0 22 0 0 0 0 0 0 7 14 1 0 0 0 0 0 0 0 7 17 7 19 8 4 31 21 10 0 0 0 0 1 0 0 0 21 11 12 4 3 0 0 0 7 5 1 1 0 1 5 0 0 0 7 0 0 9 7 8 12 23 20 12 15 6 9 1 12 0 5 4 1 0 0 0 0 0 0 0 0
0 0 0 0 0 0 0 0 0 4 1 0 0 0 2 1 2 16 15 0 0 0 2 0 0 0 1 0 0 0 0 0 0 0 1 10 17 0 0 3 55 7 20 0 0 0 0 0 0 0 2 13 40 15 22 36 23 10 0 0 7 0 1 0 2 0 0 0 0 2 3 0 1 22 37 25 12 11 3 2 17 7 2 0 10 6 1 3 0 0 0 0 0 0 0 0
0 0 0 0 2 0 0 0 1 25 9 0 0 0 0 0 6 35 5 19 3 0 0 0 0 0 0 0 0 1 0 0 0 0 6 33 5 0 0 2 27 38 18 5 0 0 0 0 0 0 1 0 12 13 1 8 42 36 37 41 45 12 0 0 0 0 7 1 0 9 6 5 3 4 1 5 8 1 1 9 8 2 0 2 0 0 0 0 1 1 2 1 0 0 0 0
0 0 0 0 0 0 1 0 4 18 3 1 2 0 0 1 18 7 9 0 0 0 0 0 0 0 0 0 15 0 0 0 0 1 8 26 0 0 0 0 8 37 20 30 5 0 0 0 0 0 0 0 2 12 4 1 14 22 10 34 10 1 0 0 2 1 8 11 0 10 18 3 4 9 3 2 1 2 1 4 6 2 1 2 12 6 4 8 10 1 1 0 0 0 0 0
1 1 1 0 0 0 0 0 13 0 0 0 0 0 4 1 0 7 22 0 0 0 0 0 0 0 1 3 4 1 0 0 1 0 0 13 19 0 1 0 0 23 25 12 27 2 0 0 0 0 1 2 6 8 0 12 31 18 0 3 13 8 0 0 0 0 1 21 1 0 0 0 0 0 3 10 5 5 4 6 17 14 2 0 11 16 18 14 8 0 0 0 0 0 0 0
1 1 0 0 0 2 13 5 2 0 9 28 24 9 0 0 2 0 27 12 2 0 0 0 0 0 3 6 0 6 0 0 1 1 2 8 13 11 0 1 0 0 18 2 24 3 0 0 0 0 1 0 0 0 0 0 28 5 0 0 4 38 3 0 0 1 12 18 11 26 13 0 0 9 5 4 4 14 7 17 22 22 2 11 6 28 51 18 9 0 0 0 5 0 0 0
0 3 0 0 1 2 33 2 0 1 1 10 2 1 2 0 0 0 16 21 23 0 0 0 0 0 0 12 0 11 0 0 0 1 0 0 0 0 0 2 3 28 43 0 26 22 0 0 0 0 0 0 0 0 0 0 0 0 0 0 23 3 7 0 0 1 34 21 64 45 18 7 6 3 2 0 1 2 1 0 0 2 10 13 0 4 15 23 21 44 9 0 13 14 9 3
4 2 1 0 5 4 0 0 0 1 18 8 0 0 2 0 0 1 9 1 15 9 2 0 0 0 4 2 1 2 0 0 3 10 4 0 0 0 0 0 0 0 15 3 25 63 19 0 0 0 0 0 0 0 0 0 1 0 0 1 12 14 4 0 0 0 29 3 44 20 6 9 12 2 7 14 5 9 9 3 1 3 9 3 0 0 4 1 21 31 12 12 14 6 14 17
0 1 2 6 16 12 0 0 10 5 4 9 0 0 0 0 0 0 0 0 0 7 0 0 0 4 6 7 9 0 5 0 20 10 3 0 0 0 0 0 0 0 10 11 24 35 31 4 0 0 0 0 0 0 0 0 0 1 3 1 26 8 1 10 0 0 3 13 14 8 18 34 22 9 19 9 1 0 7 7 3 0 0 0 0 10 1 0 11 26 9 5 9 4 10 16
0 0 1 0 6 4 0 0 20 3 0 0 0 0 1 0 0 0 5 0 0 1 4 0 0 3 2 12 2 1 0 28 41 2 0 0 0 0 0 0 3 12 5 1 0 0 2 27 13 0 0 0 0 0 0 0 0 2 0 0 3 23 22 22 16 3 7 52 6 14 6 14 15 21 4 3 4 2 0 34 18 4 0 0 0 14 0 8 1 0 8 15 5 6 26 18
2 2 1 3 2 1 0 3 8 0 0 0 0 1 13 0 0 0 0 0 0 1 6 0 0 0 1 24 18 1 1 52 16 3 0 0 0 0 0 0 4 14 55 30 8 24 42 22 31 0 0 0 0 0 0 0 0 0 0 0 0 14 30 24 15 12 1 14 9 9 3 0 23 30 11 5 5 11 27 30 53 89 54 13 0 1 3 1 1 1 5 1 2 5 22 7
2 1 1 13 0 1 4 2 0 0 0 2 4 16 1 0 0 4 1 0 2 2 2 0 0 0 0 1 6 0 11 39 22 0 0 0 0 0 0 0 0 3 20 35 19 6 0 1 15 28 0 0 1 3 0 0 0 0 0 0 0 21 13 18 8 4 0 7 5 2 11 0 8 19 0 0 0 0 6 2 0 33 30 28 28 23 3 10 1 8 3 4 0 0 0 0
5 13 4 1 2 21 3 0 0 0 0 13 13 3 0 0 0 0 0 0 3 16 6 1 4 2 0 1 2 3 1 41 42 0 0 5 0 0 0 0 0 9 1 57 44 33 24 0 16 31 11 21 22 5 0 0 0 0 2 1 1 16 1 9 0 1 2 4 0 1 10 2 6 7 0 0 0 0 0 0 0 0 13 2 29 51 8 4 10 5 0 12 2 3 0 0
0 1 0 0 11 2 1 0 0 0 7 10 29 2 0 0 2 2 0 0 2 15 4 3 12 54 5 0 14 7 18 9 55 6 0 7 0 0 0 0 0 0 1 40 24 29 16 24 31 22 24 6 31 19 12 11 9 8 2 0 7 5 2 1 0 0 0 0 3 0 2 0 4 1 0 0 0 0 0 0 0 0 0 6 11 26 0 0 4 2 0 20 6 1 0 0
0 0 0 11 14 1 0 0 0 1 27 18 0 1 0 0 6 0 0 0 0 0 9 0 0 15 12 9 2 24 17 8 19 18 0 4 23 1 0 0 0 1 11 36 10 0 0 0 15 3 4 39 28 23 30 6 17 7 7 10 11 7 5 2 0 6 4 3 10 4 0 0 0 1 0 0 0 0 0 0 0 0 0 1 18 34 15 0 5 0 0 0 0 19 51 7
0 0 0 7 0 0 0 0 0 2 15 0 0 0 0 0 1 1 1 0 0 6 12 0 2 5 23 3 13 31 29 2 9 6 0 0 1 4 1 0 0 8 29 31 4 0 9 6 0 0 1 39 30 30 36 23 21 10 15 14 2 20 22 10 28 15 3 2 3 36 7 0 0 0 0 0 0 0 0 0 0 0 0 6 14 40 5 11 3 1 0 3 26 2 14 23
0 0 1 5 0 0 0 7 20 39 5 0 0 0 0 0 0 4 6 1 0 2 14 0 1 0 2 0 8 13 19 19 2 42 0 0 0 3 9 13 1 0 31 31 5 14 50 0 3 22 23 59 39 17 20 34 25 2 19 7 23 37 9 27 56 10 1 4 11 17 42 0 0 0 0 0 0 0 0 0 0 0 0 2 10 22 9 40 11 4 11 2 7 1 4 0
0 0 1 10 0 0 0 15 16 1 2 0 0 7 0 0 0 2 0 3 10 0 27 5 0 0 0 0 0 16 17 14 0 22 7 0 0 0 10 41 14 7 46 12 1 36 6 23 11 14 12 32 5 19 20 12 30 11 13 22 13 11 19 18 18 2 3 1 7 21 28 11 8 8 3 8 0 0 4 0 0 0 0 1 0 1 3 29 0 0 33 28 0 3 0 4
0 1 0 11 0 0 0 6 5 0 0 0 0 2 0 0 0 0 0 1 24 26 17 6 0 0 14 5 0 28 4 11 7 6 18 12 0 0 3 17 8 12 40 15 30 0 24 35 24 12 5 15 5 10 6 19 29 19 28 21 26 17 15 0 0 1 0 0 0 2 23 8 10 9 1 2 1 0 0 0 0 0 1 9 6 0 1 17 3 13 12 19 5 2 0 5
1 3 0 0 0 0 7 15 4 0 0 0 1 11 1 0 0 0 0 0 1 9 15 4 0 0 14 6 0 29 0 0 18 0 20 38 9 10 0 26 37 31 64 16 25 0 38 38 28 11 21 12 26 6 4 6 14 42 45 15 5 2 7 0 0 1 0 0 0 0 2 5 2 8 21 13 4 0 0 2 1 4 0 5 6 2 6 15 10 11 3 1 13 4 1 13
3 0 12 2 2 0 8 7 2 0 0 0 15 30 0 0 1 0 0 1 0 0 26 19 0 0 26 14 0 27 10 0 30 17 0 18 38 17 27 17 9 5 10 11 34 23 25 13 5 8 15 27 20 9 1 11 24 23 12 26 19 6 0 0 0 0 0 0 0 0 0 0 4 5 2 4 0 0 3 3 6 0 0 2 1 0 27 2 3 2 5 5 5 0 1 2
4 1 0 1 0 0 7 17 30 6 17 1 6 12 12 1 2 2 0 1 1 0 12 9 10 3 2 15 0 0 24 9 1 31 7 0 1 2 4 10 8 3 4 0 8 31 29 10 6 6 10 6 17 7 0 10 0 0 2 24 3 5 0 0 0 0 0 0 0 0 0 0 0 0 2 5 2 0 0 0 0 0 0 0 0 0 3 5 0 0 5 8 22 13 3 29
2 0 0 1 0 0 0 9 15 45 7 0 0 7 16 0 2 5 1 6 14 5 10 12 0 16 5 21 0 0 32 1 3 39 14 11 0 0 2 15 22 0 4 4 0 16 11 16 6 16 2 0 3 8 0 2 0 0 0 28 24 46 15 0 0 0 0 1 0 0 0 0 0 0 0 0 0 0 0 0 0 0 0 0 0 1 7 7 1 2 2 0 0 4 7 1
0 0 1 0 1 0 0 1 31 29 0 0 0 0 10 0 3 0 3 0 0 0 0 19 13 3 8 11 0 0 5 7 22 16 2 5 0 0 0 2 27 6 20 26 8 17 31 6 11 4 0 0 0 1 0 2 2 0 9 39 16 25 32 6 5 6 2 12 3 9 0 0 0 0 0 0 0 0 0 0 2 2 2 1 2 0 0 1 0 3 2 1 11 6 0 0
0 6 34 5 4 0 0 19 21 15 0 0 0 2 10 3 0 0 0 0 1 0 0 1 37 43 9 0 0 0 0 0 0 0 0 0 0 0 0 1 28 13 11 7 19 5 14 14 11 5 0 0 0 0 0 0 4 0 7 14 43 35 32 31 15 12 3 6 19 13 0 0 1 0 0 0 7 0 4 11 4 0 0 0 2 0 3 0 4 12 0 7 7 15 12 19
10 5 0 0 0 0 0 7 29 43 8 1 0 1 2 19 13 0 0 0 6 7 0 0 30 35 15 0 0 0 0 0 0 0 0 0 0 0 0 25 3 5 10 25 14 9 25 31 27 15 0 0 0 0 0 0 0 0 9 3 23 14 6 11 22 9 9 8 18 28 11 8 9 3 0 0 11 10 9 10 18 28 8 9 6 11 10 9 2 2 7 19 2 13 1 1
3 4 1 1 0 0 0 11 23 38 8 0 0 4 0 1 13 0 0 0 0 0 0 0 14 1 0 0 0 0 0 8 8 14 5 0 0 0 0 0 0 2 10 8 4 5 30 35 20 13 35 4 0 0 0 0 0 1 0 0 15 35 32 28 16 9 0 0 1 25 44 15 31 27 11 14 15 22 31 12 21 21 11 20 12 8 22 4 11 6 12 8 1 5 1 1
0 2 1 0 0 0 0 10 4 46 44 0 0 0 2 5 12 0 0 2 0 0 1 1 21 0 0 0 2 15 26 4 33 28 16 0 0 0 0 0 0 0 0 3 10 12 32 23 11 36 28 8 0 0 0 0 0 1 0 1 19 14 64 46 23 37 1 19 14 16 23 8 31 18 16 10 18 16 40 38 46 26 12 5 7 29 10 0 4 0 24 1 0 0 0 0
16 0 0 0 1 0 0 8 7 14 53 12 0 0 0 10 1 22 1 1 1 0 0 0 26 0 0 0 33 2 11 19 9 14 14 22 13 4 1 0 0 0 0 0 1 8 12 6 1 37 37 9 1 1 0 0 0 2 3 4 5 13 23 27 15 15 1 25 36 25 11 8 8 25 6 37 13 21 45 30 23 19 30 41 15 30 5 5 14 0 0 2 1 0 1 1
4 0 0 0 0 0 10 49 0 34 21 31 10 0 4 4 0 33 0 0 0 0 0 3 6 0 0 0 19 7 25 30 22 3 9 11 33 32 48 28 17 11 1 4 7 0 2 4 3 21 35 32 29 15 11 1 2 15 22 12 16 32 8 10 51 16 5 15 13 18 13 10 9 10 13 26 19 38 35 28 24 26 19 15 3 24 12 0 6 2 1 0 0 0 1 9
9 0 0 0 0 8 18 3 6 3 36 4 23 0 13 6 0 27 0 0 0 0 0 18 3 0 0 0 35 22 37 5 0 3 0 0 0 0 13 7 12 21 27 39 51 27 5 2 1 1 4 10 20 27 19 11 11 19 40 25 10 7 7 16 26 10 12 7 13 4 8 6 11 5 6 19 13 38 28 41 20 24 20 12 15 15 12 1 1 1 1 2 5 1 0 1
4 3 15 44 6 7 0 4 1 0 3 16 7 39 33 6 0 14 3 0 0 0 0 12 0 0 0 1 36 13 20 27 1 0 0 0 1 0 1 0 0 7 11 9 21 14 21 28 19 17 14 8 43 33 24 14 25 11 8 24 26 4 3 17 2 8 21 51 45 28 4 7 19 4 28 14 20 10 6 10 20 3 24 31 16 6 9 3 10 9 20 4 6 10 7 1
8 14 31 17 0 8 0 6 0 0 0 1 34 1 12 9 0 3 13 1 0 0 4 11 0 0 0 7 17 30 4 3 5 1 0 4 2 8 1 4 8 17 25 33 11 14 10 34 33 16 13 9 13 30 29 14 12 6 14 7 28 15 5 9 13 26 10 68 28 17 17 17 9 13 18 11 16 27 11 18 15 6 7 29 15 13 0 2 2 4 7 30 3 18 15 2
49 9 0 12 5 17 0 31 4 0 0 0 3 22 1 0 0 17 21 1 0 0 10 6 0 0 1 40 14 12 0 0 0 0 2 1 0 0 3 6 7 7 23 40 22 12 12 19 29 39 57 29 22 10 29 11 6 2 1 1 9 4 22 22 9 7 18 34 11 4 6 4 3 15 8 18 5 20 16 11 6 14 25 19 13 6 13 1 0 0 7 0 10 2 0 7
5 12 1 8 11 2 2 6 27 0 1 7 0 1 11 12 0 7 18 6 0 10 10 0 0 0 1 28 7 0 0 0 0 0 0 0 0 5 1 5 10 7 23 16 33 28 16 27 23 43 49 53 26 13 32 9 12 4 0 2 4 7 6 41 13 24 23 3 1 1 3 10 7 9 21 28 10 15 25 33 19 23 8 10 1 0 0 0 0 0 0 0 1 2 7 0
0 2 0 11 0 0 2 0 18 2 2 14 0 3 7 7 0 3 15 34 25 20 0 0 0 0 0 30 26 4 0 0 0 0 0 0 0 0 0 0 3 13 12 33 12 10 24 12 7 31 33 25 56 5 11 6 15 7 22 0 2 3 0 0 7 7 12 3 14 10 22 22 19 21 14 29 30 20 28 17 23 10 5 0 5 1 0 0 3 0 0 0 17 5 1 0
0 7 10 9 33 0 18 0 0 7 2 6 13 9 20 10 0 0 0 19 8 12 0 0 0 0 0 14 5 0 0 0 0 0 0 0 0 0 0 0 5 10 10 13 11 11 7 2 11 23 3 55 37 22 2 4 4 6 5 4 0 6 6 5 12 3 13 8 4 1 14 30 16 57 19 24 20 37 15 46 24 17 5 13 1 3 0 1 0 4 7 4 17 1 4 0
0 0 0 0 25 15 17 9 0 3 10 1 0 0 13 24 3 0 0 0 0 0 0 0 0 0 0 19 14 10 0 0 0 0 0 0 0 0 0 0 5 14 5 8 8 17 16 4 11 41 8 16 15 8 11 1 8 5 1 3 1 1 2 1 3 6 0 12 1 2 5 15 22 13 21 16 27 17 30 8 22 5 4 12 1 3 4 6 6 7 0 2 1 0 0 1
0 0 0 0 3 12 15 15 0 0 0 0 2 1 18 30 21 2 10 0 0 0 0 0 0 0 0 27 8 1 0 7 0 0 0 0 0 0 0 0 3 7 6 31 22 22 16 20 11 15 7 27 13 4 18 4 4 8 3 0 3 0 2 0 0 0 0 0 2 3 5 0 0 3 6 6 7 7 45 39 2 0 9 4 4 3 17 20 13 1 1 3 0 0 0 5
0 0 0 0 0 0 12 16 0 0 0 13 3 1 1 9 12 33 20 0 0 0 0 0 0 0 0 14 3 8 12 0 0 0 0 0 0 0 0 0 0 2 13 5 28 21 19 17 9 16 11 7 12 18 16 6 2 1 2 4 0 7 1 3 9 1 0 2 3 0 3 5 3 13 11 1 11 19 15 27 8 5 3 14 8 14 29 26 2 9 0 0 0 2 1 0
0 0 0 0 0 0 0 3 0 0 0 8 3 14 6 20 20 15 38 0 0 0 0 0 0 0 0 35 8 23 17 0 0 0 0 0 0 0 0 4 0 0 2 8 7 25 11 19 20 27 27 18 7 17 12 6 0 14 6 13 10 10 10 14 7 2 2 6 9 7 15 10 3 7 13 9 15 17 25 11 0 1 20 23 31 51 22 14 20 3 1 0 1 9 7 0
0 0 0 0 0 0 0 0 0 0 0 22 1 8 6 22 11 4 18 0 0 0 0 0 0 0 0 23 16 26 0 0 0 0 0 0 0 0 0 1 1 0 9 10 5 23 28 19 9 24 19 9 10 20 1 4 2 8 32 36 20 8 23 47 9 16 6 0 7 7 28 32 4 12 14 36 42 2 11 44 56 30 21 25 39 24 27 17 24 8 7 2 5 0 0 6
1 0 0 0 0 0 0 0 0 0 3 5 5 7 4 38 14 9 12 0 0 0 0 0 0 0 0 11 12 21 0 0 0 0 0 0 0 0 0 0 0 14 7 6 6 22 3 6 10 6 25 51 26 12 15 8 12 24 10 22 16 9 25 42 2 10 5 2 3 0 5 4 19 34 44 44 13 10 6 12 2 8 13 10 9 12 20 21 1 6 0 2 4 24 1 5
1 0 0 0 0 0 0 0 0 4 10 0 4 10 32 8 17 11 23 4 0 0 0 0 0 0 0 0 3 10 0 0 0 0 0 0 0 0 0 0 0 2 27 15 27 16 6 12 19 24 14 26 36 39 35 28 38 14 10 20 11 16 24 23 2 2 5 11 5 10 0 4 4 8 23 32 40 5 12 14 1 3 7 11 6 27 10 8 3 10 0 7 0 21 14 3
2 0 0 0 0 0 0 0 0 9 21 3 22 13 22 11 3 5 43 17 0 0 0 0 0 6 4 0 1 27 10 2 0 0 0 0 0 0 0 0 7 13 15 23 23 17 19 28 39 11 1 13 26 8 6 1 11 26 7 15 20 12 11 10 8 3 42 2 24 21 4 11 12 3 3 28 61 27 1 16 10 3 24 14 21 16 19 13 11 1 17 10 17 22 17 9
2 0 0 0 0 0 0 0 0 4 21 0 19 16 12 8 5 7 24 13 0 0 0 0 13 7 2 0 7 31 1 0 0 0 0 0 0 0 4 4 17 5 21 26 23 30 16 6 2 4 6 7 6 6 15 8 19 20 3 1 33 21 33 19 7 11 42 16 25 41 18 8 3 16 8 15 17 28 5 40 61 48 28 46 10 11 13 10 17 12 19 14 36 12 15 6
0 0 0 0 0 0 0 0 0 0 0 0 3 0 26 2 8 4 3 19 0 0 0 0 4 7 10 0 0 31 8 2 0 0 0 0 0 0 7 14 24 12 15 13 7 15 17 27 1 0 4 6 13 15 19 25 18 3 16 4 12 18 16 9 1 8 39 23 22 16 15 5 1 8 14 27 2 17 25 38 24 42 0 10 23 19 62 29 28 43 42 24 41 14 3 0
0 0 0 0 0 0 0 0 0 0 0 0 0 0 0 14 10 3 2 4 0 0 0 7 6 5 3 0 3 42 24 2 0 0 0 0 0 6 16 6 9 15 23 13 14 36 13 5 4 0 10 17 16 12 12 7 17 17 0 8 18 7 12 3 5 20 25 13 9 5 9 6 13 8 38 19 2 10 4 16 26 34 0 1 0 3 61 34 24 4 6 13 18 14 3 0
0 0 0 0 0 0 0 0 0 0 0 0 0 0 0 0 4 21 1 0 0 0 0 4 0 0 1 0 0 22 3 0 0 0 0 2 5 11 12 15 4 11 31 13 15 26 30 21 10 10 14 45 33 10 7 15 13 3 0 5 12 5 3 2 9 17 9 23 30 20 4 8 2 8 26 10 16 5 5 6 6 63 42 26 14 4 11 13 5 13 3 3 13 6 5 7
0 0 0 0 0 0 0 0 0 0 0 0 0 0 0 0 6 17 49 4 0 0 4 9 0 0 0 0 8 11 0 0 0 0 5 26 37 20 22 12 20 14 10 21 7 13 29 9 5 38 23 2 4 5 10 2 6 12 0 8 9 8 7 0 6 1 6 8 22 0 12 6 2 17 10 13 17 17 15 6 16 29 28 32 31 10 3 1 12 22 0 3 2 9 4 1
0 0 0 0 0 0 0 0 0 0 0 0 0 0 0 0 18 30 39 22 0 0 0 0 0 0 0 0 23 17 0 0 0 0 14 8 11 31 33 12 27 23 19 8 14 12 14 11 3 30 7 13 2 2 3 4 1 6 3 6 6 6 2 13 11 9 2 7 4 9 5 2 2 18 4 0 8 10 15 6 18 34 19 26 40 26 30 2 1 26 3 3 3 7 0 0
0 3 9 0 0 0 0 0 0 0 0 0 0 0 0 0 2 28 19 10 0 0 7 1 0 0 1 5 5 0 0 0 0 0 5 20 3 28 18 13 20 29 18 12 3 3 7 11 2 17 12 10 13 6 0 0 0 0 0 0 2 1 2 3 13 5 2 10 11 10 11 7 15 25 3 1 0 7 7 2 14 10 29 16 31 26 19 4 26 2 0 3 6 2 1 6
