Data/Land Cover 1km/FME_656D6600_1589209169783_10689/temp/lcm2007_aggregate_classes_1km_gb_6.asc
ncols 700
nrows 1300
xllcorner 0
yllcorner 0
cellsize 1000
[rows 546 to 623 of 1300, columns 192 to 287 of 700]
0 0 0 0 0 11 17 10 10 8 0 3 17 9 9 8 13 55 64 39 32 68 71 100 68 63 72 56 85 87 50 8 42 76 82 94 96 92 62 97 100 99 78 64 66 44 93 98 74 70 73 18 0 0 5 7 12 90 79 58 39 69 6 1 2 15 57 10 39 69 49 100 100 99 99 100 100 90 99 100 98 97 100 100 72 47 100 100 93 91 80 27 6 12 44 38
0 0 0 1 24 17 10 3 1 28 64 25 41 52 0 22 24 47 62 98 67 69 21 61 57 13 70 85 56 7 2 40 35 65 82 81 100 74 82 96 100 99 94 99 49 99 100 55 47 56 57 3 0 0 6 5 52 98 81 63 87 89 80 18 20 72 95 54 78 99 97 100 100 100 100 100 100 98 93 100 92 96 100 96 13 52 97 91 72 65 66 30 11 2 0 0
0 0 1 56 90 52 17 3 1 22 60 50 61 24 4 9 25 10 84 92 33 21 76 2 7 10 15 31 11 3 30 64 88 96 79 22 95 26 67 76 83 75 89 94 98 62 41 34 16 22 6 0 9 43 77 71 68 87 99 88 91 100 100 86 94 100 100 100 92 100 100 100 100 100 100 100 100 100 100 100 100 85 95 70 25 91 89 47 59 82 77 42 51 6 0 1
0 0 38 60 40 30 10 40 2 13 8 15 2 5 9 66 98 88 49 13 35 0 7 10 27 69 61 28 34 86 62 92 100 100 85 8 33 6 57 79 40 74 99 86 87 45 15 23 2 17 2 0 32 99 98 100 88 99 100 100 100 100 99 100 95 100 95 97 100 97 100 100 100 92 95 100 100 100 100 100 100 67 79 37 6 14 37 17 24 4 9 13 2 0 5 13
0 3 60 43 59 16 1 19 10 2 8 1 20 1 59 81 60 69 67 3 1 1 0 35 71 81 14 2 42 41 72 100 100 88 55 52 70 67 86 39 56 93 94 89 99 72 44 77 50 2 0 8 64 98 100 100 100 100 100 100 100 100 100 100 84 77 57 92 98 45 74 100 99 28 45 89 100 100 100 86 47 17 91 77 1 0 1 4 6 0 0 0 1 4 7 5
0 2 37 82 42 8 20 15 4 3 5 0 10 2 39 56 24 3 2 1 0 0 1 36 81 69 10 37 12 80 61 77 75 20 54 67 92 77 82 70 61 38 88 99 56 3 38 53 59 16 30 52 85 100 100 100 100 99 100 100 100 100 100 100 99 88 46 87 82 3 15 47 21 10 6 51 98 90 99 72 88 35 13 34 1 3 0 0 0 0 0 0 0 1 11 9
7 34 33 65 81 37 49 20 4 1 13 36 47 59 68 21 2 0 2 0 4 1 4 20 7 11 35 92 19 34 93 53 24 84 100 46 43 22 49 68 40 18 86 59 15 29 27 60 12 85 99 96 100 100 100 99 53 35 66 63 64 72 96 84 64 35 8 3 3 0 1 2 20 33 29 7 5 17 39 1 17 29 11 0 0 1 0 0 0 0 7 15 12 1 23 11
3 19 44 63 41 67 40 28 5 1 14 14 30 100 38 7 88 45 31 0 21 6 47 76 55 32 53 87 89 86 82 100 71 69 77 18 41 12 48 39 3 50 42 42 79 56 37 7 57 100 100 97 66 29 38 7 7 9 6 13 33 24 16 9 27 15 0 20 21 2 3 15 24 45 87 82 57 47 46 49 8 2 2 8 3 0 0 0 17 10 85 29 5 5 4 6
37 35 13 20 55 50 49 4 6 11 33 67 75 47 19 30 36 88 29 15 73 51 7 95 84 56 84 36 45 98 100 98 88 90 88 3 28 81 37 31 11 19 6 10 40 95 36 11 96 100 100 100 88 51 9 30 80 99 70 73 64 54 20 63 76 6 6 16 4 45 2 97 90 86 84 100 98 62 87 30 0 7 3 0 0 1 1 0 35 89 100 78 40 49 38 14
23 12 27 31 4 5 7 0 7 23 9 56 58 3 15 68 70 76 15 52 95 83 38 99 100 99 81 64 1 35 33 85 30 29 18 69 58 56 30 39 12 11 12 58 98 100 49 5 96 95 100 100 92 92 75 100 100 100 92 31 14 17 33 56 32 14 79 42 68 86 5 93 100 100 100 100 97 46 8 0 0 0 0 0 0 0 17 6 54 100 96 100 68 18 99 11
3 13 33 4 0 2 14 32 48 75 77 40 7 25 9 49 92 12 12 73 100 61 81 99 100 77 36 10 10 37 17 0 3 6 56 66 62 70 17 30 46 17 94 100 96 91 4 0 81 58 35 100 100 45 50 100 100 99 82 48 10 2 38 65 10 26 92 39 62 72 27 100 100 100 100 100 77 9 6 0 0 0 1 0 0 13 82 84 90 100 98 100 96 84 58 13
1 5 0 1 7 1 5 1 17 100 100 46 7 34 12 15 19 14 39 83 100 95 90 58 35 29 2 0 62 10 36 23 33 64 43 50 14 5 53 99 49 53 94 98 29 1 2 8 21 26 3 22 31 11 6 69 42 22 5 3 5 54 97 72 9 47 18 65 84 100 97 100 99 100 66 5 6 35 0 0 8 46 47 47 32 70 71 84 98 100 85 98 100 100 92 69
0 0 0 4 5 0 6 32 70 52 44 6 0 0 16 5 26 28 85 70 99 74 65 56 54 41 18 27 50 33 19 34 23 40 29 65 76 64 30 23 79 68 100 95 100 81 83 28 10 2 2 1 3 17 12 19 3 1 5 19 71 50 100 97 84 17 27 64 100 100 100 100 100 99 23 12 58 12 1 21 35 78 41 76 71 98 72 100 97 100 99 96 89 97 100 93
3 0 0 0 0 2 3 45 83 24 29 6 0 0 11 7 14 0 26 58 65 45 94 83 40 47 85 26 23 44 6 18 40 78 47 82 65 33 33 30 98 98 55 32 74 71 32 10 20 37 60 46 2 27 48 9 27 48 75 96 94 85 69 53 96 52 76 28 80 100 100 100 96 37 0 20 5 0 0 5 50 78 99 47 22 83 100 99 63 32 16 22 27 84 100 100
18 0 1 5 3 0 4 32 15 6 27 15 0 4 7 9 6 42 57 66 49 65 96 59 5 7 37 15 55 18 47 0 65 49 24 48 42 16 30 23 99 99 20 12 7 6 5 0 64 100 100 80 4 82 82 20 99 100 100 100 96 56 6 53 91 100 100 57 65 94 99 93 27 0 0 3 0 1 40 56 8 40 87 4 65 77 71 82 45 95 53 8 5 25 91 100
10 6 39 16 7 23 6 3 0 2 0 14 0 3 1 0 47 15 8 49 68 47 16 9 12 16 27 1 0 9 6 38 41 60 34 74 33 31 14 32 100 88 16 19 66 2 29 39 42 100 100 100 59 36 94 53 92 91 83 93 53 19 13 96 100 100 100 65 26 7 21 10 0 1 30 3 0 14 26 0 2 37 92 55 100 88 73 72 59 95 77 86 62 14 33 100
48 9 13 10 6 9 1 8 12 15 24 2 1 3 0 11 16 0 2 23 19 4 21 6 36 12 14 4 2 39 4 8 47 95 59 38 1 3 33 8 92 30 15 39 6 0 78 90 79 100 89 94 96 4 11 4 0 0 1 19 1 1 22 84 95 84 95 59 71 1 0 0 8 2 0 0 12 66 6 7 8 56 100 96 100 100 100 100 100 96 97 95 95 48 0 9
20 2 11 20 7 24 21 17 0 46 58 31 13 0 0 11 7 11 22 35 15 15 13 7 59 44 17 13 27 25 76 4 10 14 13 5 1 2 2 21 23 31 57 30 1 19 99 100 100 99 29 36 43 2 8 3 4 7 35 11 5 40 46 69 62 37 45 13 56 17 13 8 1 0 5 0 46 1 43 4 80 38 100 100 100 100 100 100 98 100 100 100 97 57 5 12
52 0 0 2 11 21 4 7 16 14 19 16 18 1 19 33 9 7 45 19 42 31 13 21 44 68 52 42 98 91 68 50 8 0 2 0 4 56 16 9 22 36 9 9 26 49 100 99 88 26 0 2 0 1 3 22 12 15 20 28 4 24 62 40 11 63 65 34 28 2 0 0 5 18 4 42 22 0 53 2 68 21 78 100 100 100 95 100 49 84 100 79 51 29 0 26
6 10 0 0 0 0 0 1 16 1 13 13 0 30 0 3 22 19 0 18 3 3 20 49 33 66 86 90 77 21 36 38 6 3 0 23 48 35 37 3 20 42 21 0 66 100 100 78 6 3 12 2 9 0 6 30 14 58 21 33 3 46 36 9 14 20 9 1 0 0 22 27 19 64 21 30 1 32 86 88 91 38 22 80 91 77 69 92 86 21 58 97 100 81 22 59
68 25 20 7 46 13 10 4 0 25 7 1 9 16 8 0 12 70 56 37 12 68 96 28 75 8 43 36 14 11 8 1 0 3 4 37 76 38 79 24 4 68 40 48 63 72 76 11 1 10 56 88 88 37 85 97 91 97 88 39 34 78 100 51 47 21 7 0 0 25 41 18 0 6 1 0 0 44 100 100 91 46 76 7 37 15 8 15 14 6 29 97 99 100 95 91
31 12 63 10 5 10 9 2 0 1 44 12 5 25 27 3 2 13 78 91 77 100 68 11 10 40 67 61 38 26 15 0 0 17 73 96 72 3 7 46 0 7 18 52 32 40 83 72 14 10 65 100 100 99 100 98 82 100 88 7 35 41 23 21 14 7 0 1 0 26 3 53 38 15 20 57 54 46 100 100 95 87 77 60 20 40 40 20 36 34 18 17 60 75 72 97
4 17 20 1 3 19 18 27 5 1 3 0 51 100 58 49 75 92 72 52 29 72 60 20 41 39 36 68 14 35 26 1 5 1 27 1 0 4 4 8 9 11 7 10 7 45 100 50 26 41 85 93 61 48 99 31 7 45 21 0 18 1 0 1 1 6 0 0 18 59 21 40 35 82 70 76 92 89 86 82 100 100 100 91 99 100 88 96 88 99 55 42 10 3 15 15
32 51 15 17 1 18 27 64 20 7 14 0 33 100 100 93 100 100 56 26 2 8 12 39 72 59 10 2 22 16 23 3 0 3 2 3 4 56 21 36 28 2 33 2 4 84 85 17 38 94 100 48 0 28 52 36 24 0 0 4 0 2 1 1 0 3 13 49 84 45 74 37 4 16 97 100 89 67 14 8 57 99 95 69 100 100 75 69 99 100 72 44 63 44 81 23
6 6 33 1 7 40 22 27 53 2 0 0 22 15 97 67 5 84 36 13 15 70 49 60 72 12 8 7 1 8 15 27 9 14 0 80 86 38 7 5 2 43 5 0 0 45 9 45 8 15 21 1 16 28 25 28 21 0 12 17 15 21 7 5 6 51 78 93 85 59 48 60 9 26 98 100 100 92 89 37 4 37 67 77 97 100 88 35 68 100 100 100 99 89 33 24
29 12 44 6 9 3 17 23 23 16 1 11 31 30 66 12 29 84 82 26 51 51 47 52 26 6 17 18 1 3 5 20 15 11 49 87 75 9 1 25 66 26 12 1 1 1 20 42 36 31 29 6 2 16 21 22 3 7 11 3 7 5 43 29 61 99 100 100 67 11 4 33 45 11 62 93 88 98 74 86 34 6 48 100 100 100 100 59 27 100 94 68 54 48 18 0
80 68 35 60 30 32 46 53 45 7 16 13 20 37 20 12 13 6 2 26 23 29 14 12 7 21 12 20 2 3 20 17 2 7 39 3 18 6 34 11 28 6 0 0 2 6 8 59 63 31 15 2 12 8 14 1 6 0 1 0 0 8 96 49 60 100 93 100 75 4 0 0 56 29 10 49 85 98 86 92 88 42 46 80 81 100 100 84 20 64 62 61 50 91 28 31
59 84 77 57 91 23 5 8 22 55 65 27 7 1 8 19 4 6 4 14 5 0 2 1 3 14 27 10 0 0 4 16 36 52 98 52 24 40 96 70 0 5 58 9 1 10 8 10 26 13 2 6 9 21 53 84 57 1 16 19 28 26 83 100 86 30 71 88 37 8 0 3 56 82 1 51 69 91 92 64 100 93 24 11 69 52 65 68 65 34 71 98 91 87 64 17
75 65 58 11 76 21 11 2 15 68 94 67 44 36 17 48 2 1 0 0 13 8 4 1 5 12 21 4 0 0 2 28 94 95 91 48 86 100 98 65 1 25 25 2 5 4 45 20 12 4 18 71 86 30 66 58 27 4 49 36 94 84 100 97 86 44 0 23 12 0 0 1 3 29 3 2 12 66 72 27 13 22 29 30 49 12 22 2 79 91 19 66 48 59 7 0
55 24 12 0 8 18 1 4 0 39 22 49 11 12 0 10 8 0 0 37 15 1 1 5 2 5 38 77 26 5 14 36 12 46 62 83 100 96 83 8 1 0 0 7 17 11 8 0 20 2 76 100 91 51 80 83 52 22 23 45 68 100 99 74 15 34 1 0 0 1 1 0 0 0 0 2 0 3 42 87 25 42 45 65 24 13 24 36 53 19 4 7 7 2 1 2
28 16 53 36 8 11 10 3 7 9 11 11 7 8 1 7 1 0 0 15 5 0 0 2 11 8 23 18 7 1 30 90 50 29 77 72 83 81 55 2 0 0 1 0 30 37 24 7 77 29 53 100 88 82 94 24 62 95 40 56 1 67 99 76 6 0 16 0 0 0 0 0 0 0 2 17 10 0 1 7 1 0 0 32 21 14 9 7 30 27 6 0 0 0 1 2
14 40 73 37 23 7 3 2 10 7 2 10 15 2 3 0 4 0 0 6 4 0 0 5 9 1 8 5 0 0 0 8 0 10 38 52 45 58 39 2 0 0 1 24 4 2 5 49 81 67 55 100 100 100 68 2 74 67 43 45 2 21 92 43 1 0 0 0 1 37 0 6 51 56 67 95 58 57 27 26 30 17 0 0 0 2 0 0 0 5 0 0 0 0 3 0
18 46 87 87 24 10 10 6 15 5 6 2 0 0 0 19 16 6 0 1 22 4 3 0 8 7 0 0 0 3 4 1 1 0 1 5 24 17 26 15 0 0 10 4 0 7 1 53 97 89 23 85 100 78 52 1 47 44 0 0 4 1 10 16 0 3 4 5 33 97 15 15 68 83 68 82 74 47 24 89 82 29 3 0 0 1 0 0 2 0 0 0 0 0 0 2
69 90 94 51 24 5 1 3 20 24 7 0 28 38 3 5 0 2 19 9 2 2 3 7 0 4 18 15 7 57 75 10 2 0 35 42 52 69 14 7 13 13 7 0 1 47 16 14 96 88 7 34 99 9 17 1 41 26 0 0 0 0 24 25 8 0 10 0 28 93 55 60 83 48 36 27 14 13 34 98 98 37 20 0 0 0 0 3 9 24 3 0 0 3 3 2
72 35 51 38 6 2 13 3 24 13 8 33 12 4 0 0 3 0 10 44 9 2 0 15 7 28 46 86 92 100 36 0 43 57 66 86 90 82 15 46 46 64 55 9 19 98 55 49 30 99 23 10 47 1 3 4 1 0 0 0 0 1 2 17 8 22 4 2 35 84 84 76 100 97 21 2 35 32 87 87 99 49 34 1 0 0 0 1 12 11 2 3 1 2 4 8
62 75 73 22 3 12 8 17 6 13 18 5 8 0 0 7 19 11 31 10 21 7 2 9 4 10 41 99 100 70 8 23 72 30 28 26 14 19 21 32 40 56 36 57 74 76 99 100 34 53 3 4 17 43 8 3 3 9 8 18 0 8 36 6 15 8 12 8 55 96 89 81 58 92 71 10 65 40 97 92 96 57 4 0 16 1 0 8 80 41 59 11 0 9 6 17
16 71 81 77 17 5 1 10 4 25 50 29 62 31 0 1 7 5 0 9 8 5 4 12 1 25 43 44 40 30 20 4 1 18 7 50 63 57 74 26 63 14 27 43 87 25 60 28 2 3 5 8 0 1 29 76 11 1 2 7 6 9 62 5 0 3 40 39 59 100 52 20 27 51 93 18 19 74 100 79 38 25 23 13 67 40 12 22 34 8 13 1 1 0 2 0
5 56 60 12 6 0 4 14 0 18 96 71 57 28 5 1 4 5 2 1 3 7 0 11 0 1 4 40 47 6 6 30 8 13 5 23 12 32 20 21 62 43 59 15 12 26 37 21 29 30 24 13 41 4 13 89 59 13 5 9 0 2 28 2 1 2 49 79 70 73 91 46 15 29 73 32 34 74 84 36 12 93 18 60 79 28 79 89 69 4 0 0 0 0 0 1
4 14 17 13 5 24 7 0 0 41 32 18 4 15 18 14 2 0 0 1 1 2 4 0 3 11 66 64 6 0 5 17 3 26 22 3 10 5 31 52 13 44 40 14 12 62 56 46 21 49 97 35 14 4 74 68 3 2 2 0 0 0 24 18 5 14 71 68 71 8 10 31 11 39 43 50 77 63 67 57 56 68 94 96 98 78 82 91 98 18 13 0 2 1 2 5
0 1 2 5 3 7 0 0 9 1 2 35 46 49 2 22 5 14 0 9 33 3 0 0 6 8 0 0 16 13 9 67 67 77 57 0 2 9 23 69 10 16 33 41 29 19 10 36 44 4 30 36 17 36 52 96 71 47 11 4 22 26 4 1 0 7 37 10 74 76 8 9 28 40 7 44 82 97 100 100 54 65 98 98 100 99 68 90 80 77 91 45 13 2 0 1
12 2 30 0 6 2 1 2 5 31 68 100 67 2 4 3 7 5 2 0 4 0 0 3 0 8 4 7 12 8 19 0 8 12 10 2 29 82 52 56 19 25 65 89 76 52 32 9 9 0 2 9 8 25 33 72 43 24 82 2 22 97 71 21 11 2 0 13 51 50 4 17 19 5 46 48 65 86 100 97 34 75 65 81 87 99 82 88 32 50 80 42 10 2 19 34
1 6 4 6 6 0 4 14 74 45 31 68 18 1 23 4 15 11 3 11 3 1 0 3 3 0 1 3 1 15 89 32 3 0 5 13 3 93 94 43 8 10 61 57 29 39 60 21 9 0 8 20 20 0 0 40 17 9 83 7 43 42 23 59 77 62 0 39 29 20 45 10 12 22 1 9 91 81 96 98 87 97 100 100 100 87 54 45 12 16 30 9 15 10 69 88
3 14 0 1 2 0 3 35 57 14 14 42 18 0 19 43 5 19 1 1 11 8 4 13 1 0 15 2 1 49 56 75 17 0 10 74 19 53 93 21 12 17 31 18 5 50 72 73 4 22 35 7 39 22 40 7 0 1 12 4 11 5 8 59 96 59 0 18 25 2 5 0 9 2 38 25 47 54 92 100 100 98 100 100 100 100 100 92 38 18 5 0 0 0 8 11
11 0 2 0 1 0 10 2 1 30 38 26 3 3 10 1 1 6 0 0 1 6 0 0 0 1 25 10 31 46 57 20 7 41 17 92 82 30 40 20 2 28 25 4 0 0 11 26 20 8 31 31 6 25 24 47 7 26 60 39 39 2 43 89 73 56 10 16 58 13 45 3 4 8 5 89 70 66 100 100 100 97 73 97 95 79 28 33 70 16 1 2 5 1 3 1
11 8 0 0 0 3 0 1 11 43 7 10 19 10 1 5 2 0 0 0 0 0 0 0 2 9 6 2 0 1 5 29 6 95 40 71 46 46 28 30 0 15 70 21 5 1 11 51 70 10 1 1 6 9 1 1 25 83 85 31 13 41 93 72 100 48 2 11 19 15 29 7 0 1 1 11 3 29 91 95 96 34 56 77 15 23 0 0 0 2 2 4 9 16 34 13
0 0 0 0 2 0 6 11 1 7 6 2 12 2 17 7 0 1 0 0 0 0 0 7 1 16 9 19 7 36 36 10 35 98 66 5 7 13 7 0 0 1 29 52 38 48 51 84 82 57 64 50 63 81 62 29 4 39 95 55 1 64 92 94 58 27 15 1 10 0 4 7 2 3 6 0 0 0 1 51 37 5 34 16 15 15 60 11 2 0 6 4 12 11 1 0
3 0 0 3 4 0 2 4 2 6 8 4 10 7 4 0 0 1 0 0 3 25 8 23 0 20 63 37 22 82 15 18 74 77 48 60 74 41 21 0 0 0 26 67 41 56 90 89 56 26 90 98 22 88 98 91 47 2 4 9 23 42 67 65 61 1 12 29 18 5 12 0 8 2 9 2 12 4 4 10 3 0 0 15 25 74 48 12 5 0 0 4 1 9 38 10
0 0 13 8 9 0 4 17 4 9 19 29 33 14 2 0 0 0 0 11 24 12 37 33 3 3 10 29 19 24 4 21 8 44 96 91 21 23 3 14 0 0 10 73 86 46 27 67 33 12 54 100 83 97 81 98 78 5 20 6 25 6 19 6 14 7 25 5 11 1 16 4 8 2 1 2 6 17 26 22 3 0 0 0 16 35 12 0 1 0 0 1 20 83 21 17
0 0 9 7 12 2 0 1 17 35 22 22 13 1 9 5 0 0 9 17 38 39 64 31 58 31 3 3 10 28 26 25 7 42 52 8 12 4 8 47 0 0 15 86 57 43 23 37 48 21 28 81 92 97 86 61 46 12 4 46 10 20 7 0 0 0 0 1 57 3 4 2 30 1 7 15 1 3 0 2 0 0 0 0 47 8 2 3 0 0 1 25 59 74 48 93
0 1 26 18 11 3 0 3 22 40 19 4 2 7 10 2 0 0 17 12 74 11 0 11 15 32 6 4 12 66 81 40 1 20 9 9 7 5 3 8 0 0 24 85 50 59 41 37 57 64 9 21 54 77 85 98 86 24 37 30 47 16 4 0 19 1 7 52 57 1 3 24 0 0 14 2 4 0 1 0 0 1 19 31 10 2 0 5 2 0 62 51 50 0 71 100
4 66 63 29 3 7 6 27 11 4 0 12 0 4 4 2 0 14 9 18 73 0 0 20 11 36 29 63 3 44 14 9 30 19 10 3 0 13 7 56 0 0 23 89 84 58 75 69 23 69 15 13 2 5 45 73 79 93 63 63 47 11 1 12 38 45 53 32 13 2 8 21 26 14 3 0 0 0 0 0 0 1 13 5 5 0 3 1 15 39 41 37 58 19 83 98
61 99 72 29 3 16 6 6 1 3 13 6 8 2 2 0 0 4 0 17 11 8 9 1 23 62 55 92 14 4 0 5 26 62 16 0 0 65 53 55 5 0 1 67 83 95 86 59 39 9 20 22 6 9 1 14 21 20 50 46 17 24 37 36 55 5 18 1 0 6 0 19 22 0 18 0 0 0 0 0 0 0 0 0 0 1 0 1 64 20 12 40 45 24 5 80
82 88 63 32 4 1 4 0 1 14 1 21 5 0 0 0 3 10 9 0 26 59 49 16 32 28 10 9 26 55 28 65 21 2 0 6 54 52 10 41 45 2 0 17 38 80 83 90 90 17 24 11 6 1 1 0 2 6 24 31 4 17 44 5 4 14 15 3 17 0 0 0 3 0 7 6 0 0 0 0 0 0 0 0 0 0 0 3 4 1 0 11 4 2 20 24
20 39 23 3 3 0 5 17 24 22 2 4 0 0 0 2 21 21 0 3 19 28 41 76 71 44 5 2 51 65 40 87 46 5 0 37 36 47 7 16 35 29 6 6 21 28 78 56 24 21 3 16 9 12 18 26 7 0 0 0 1 0 4 13 0 5 15 15 1 0 6 4 0 0 0 0 0 0 0 0 0 0 0 2 0 0 0 0 1 3 3 37 44 21 24 1
7 3 3 3 8 4 35 19 27 0 2 0 0 0 0 5 5 10 0 18 24 26 28 15 31 13 9 6 0 37 61 56 25 0 0 20 10 12 0 4 51 67 4 0 19 42 90 97 51 1 10 5 30 30 18 4 13 7 1 0 0 0 0 0 0 0 1 2 0 8 89 88 32 0 0 0 0 0 0 0 2 1 0 0 0 0 0 0 10 54 13 39 29 22 0 1
9 4 3 7 8 29 42 13 0 0 0 10 7 15 1 7 4 13 0 0 7 32 61 86 38 40 16 5 0 42 87 86 2 0 3 4 5 9 38 17 10 31 0 0 1 39 53 98 63 8 48 18 21 7 3 3 17 3 0 0 0 0 0 0 0 0 0 0 0 8 83 100 90 14 0 0 0 0 0 0 0 0 0 0 1 0 0 0 0 8 34 39 13 36 6 6
8 11 4 14 14 21 1 0 1 23 29 36 22 10 36 49 7 42 1 3 0 42 75 79 39 75 17 1 9 14 83 55 0 2 5 20 9 44 26 49 42 34 16 0 0 21 26 97 89 55 93 99 31 4 5 0 5 0 0 0 0 0 0 0 0 0 0 0 0 1 55 23 9 1 0 0 0 0 0 0 0 0 0 0 0 0 1 0 0 9 34 22 22 0 3 2
21 6 12 12 27 21 0 0 8 58 7 10 15 8 19 57 54 1 0 1 7 6 45 41 51 85 42 3 28 48 68 1 0 6 3 8 38 20 4 13 40 73 37 0 3 8 24 74 99 96 98 99 63 2 15 7 1 0 0 0 0 0 0 0 0 0 0 0 0 4 13 0 21 3 0 0 0 0 0 0 0 0 0 0 0 0 0 0 0 0 0 0 4 0 1 1
3 15 28 17 12 3 0 0 0 1 0 10 2 3 11 5 19 17 10 27 58 0 21 46 63 69 22 0 13 71 5 0 0 4 10 8 6 18 57 17 25 61 47 0 0 0 3 25 87 82 93 93 66 3 1 1 0 0 0 0 0 0 0 0 0 0 0 0 0 0 3 0 1 2 0 0 0 0 0 0 0 0 0 0 0 0 0 0 4 0 1 0 1 1 2 1
14 14 37 40 6 3 0 0 9 13 5 24 24 3 9 12 9 15 28 3 32 2 0 71 59 33 43 4 3 16 0 2 8 12 74 26 11 21 26 22 16 17 51 10 0 0 0 10 31 79 100 100 99 70 72 34 1 2 0 0 4 1 9 0 0 0 0 0 0 0 0 0 0 0 0 0 0 0 0 0 0 0 0 0 0 0 0 0 5 0 0 0 0 0 0 0
17 53 49 4 7 0 0 4 1 12 62 1 2 2 18 24 26 37 40 1 23 9 0 30 65 53 38 16 3 0 0 15 25 36 46 7 12 34 26 19 33 64 12 10 0 0 0 0 3 12 57 100 92 57 98 99 83 2 0 0 9 4 0 0 0 0 0 0 0 0 16 0 0 0 0 0 0 0 13 5 0 0 17 0 0 0 0 0 0 3 0 0 0 1 1 0
8 18 0 0 0 0 0 16 7 43 12 0 0 18 44 29 3 27 1 27 64 1 2 21 45 56 65 74 8 2 22 46 44 42 23 8 56 18 28 21 28 30 29 18 0 0 0 0 0 0 16 51 54 36 43 83 67 5 0 4 63 0 0 0 0 0 11 22 44 15 5 0 1 0 0 4 9 1 78 87 60 11 22 8 0 0 0 0 0 5 3 0 0 0 7 0
7 5 6 0 0 35 27 2 20 67 7 9 0 13 14 19 30 32 21 42 38 0 5 13 0 19 83 70 33 1 34 30 39 25 1 3 13 33 51 38 45 43 82 27 0 1 0 0 0 0 2 6 13 1 29 39 11 8 0 4 13 0 0 9 3 39 32 32 49 42 0 3 0 3 41 92 93 81 95 48 91 44 38 0 1 0 4 0 0 0 0 0 0 1 0 1
4 0 0 0 2 59 66 8 33 14 5 1 8 4 14 63 44 0 43 59 53 2 8 70 30 10 28 15 6 13 72 6 2 22 11 15 15 11 35 38 30 87 79 9 0 0 0 0 0 0 0 1 0 0 0 0 0 3 1 2 3 2 6 18 1 1 7 0 19 6 0 13 17 15 91 100 100 98 95 16 25 70 45 17 0 0 0 0 0 0 0 0 0 0 3 2
5 0 0 6 82 93 50 19 1 0 12 7 14 12 30 36 25 6 1 32 15 10 6 84 49 8 0 2 2 21 11 0 1 19 43 24 6 9 28 68 55 39 45 6 0 0 0 0 0 0 0 4 2 4 0 0 0 3 0 0 5 0 0 1 26 3 0 1 2 0 26 90 96 33 17 55 95 83 68 3 2 12 23 7 0 0 0 0 0 0 0 0 0 0 9 14
1 0 0 11 91 83 10 5 3 26 25 1 1 41 12 54 9 1 9 25 51 19 12 33 69 0 3 0 2 17 17 0 0 24 58 37 17 2 8 37 78 52 1 1 0 0 0 0 0 0 0 0 0 0 0 0 0 0 0 3 7 1 0 0 0 1 0 0 1 3 43 91 93 94 16 8 85 98 75 82 84 83 31 15 0 0 0 0 0 0 0 0 0 0 0 1
2 0 0 1 17 60 49 4 8 30 2 4 21 34 4 57 4 11 10 32 55 8 24 19 73 49 2 0 0 5 15 2 0 13 74 93 79 43 2 20 51 43 1 0 0 0 0 0 6 0 0 0 0 0 0 0 0 0 0 0 0 0 0 0 0 0 2 2 0 4 3 69 60 78 67 31 31 91 86 84 98 100 54 17 0 1 4 1 0 0 0 0 0 0 0 0
0 0 0 4 6 14 46 2 12 7 1 11 49 4 20 68 4 38 26 15 40 10 13 20 70 41 1 0 0 0 1 5 0 0 56 90 84 73 26 0 0 0 0 0 0 0 0 1 3 2 0 0 0 0 0 6 0 0 0 0 0 0 3 12 44 43 15 16 11 0 4 2 5 0 0 15 15 21 26 51 100 67 16 7 0 14 5 7 0 0 0 0 0 0 0 39
0 3 1 8 10 9 9 1 2 1 1 16 34 19 30 32 17 85 67 47 34 3 0 66 28 20 0 0 0 1 19 40 0 0 0 14 13 8 63 0 3 2 0 2 0 0 0 0 0 0 0 1 4 14 11 7 0 0 1 0 0 46 59 29 12 8 6 25 92 34 0 1 5 0 0 3 3 18 36 74 41 51 1 0 1 51 41 45 5 0 1 0 0 0 0 20
0 0 11 0 2 5 0 0 1 22 6 22 29 14 53 0 16 42 36 34 3 1 0 25 52 4 6 0 0 0 6 22 6 0 0 0 0 0 13 0 0 3 0 0 0 0 0 0 0 0 0 0 1 8 20 52 9 0 0 0 0 52 60 18 30 59 84 84 79 30 7 7 2 2 7 2 5 9 74 57 33 5 0 1 4 12 28 0 0 0 15 0 0 0 0 0
6 9 16 14 12 8 1 6 24 18 0 10 24 1 18 2 5 22 38 43 50 23 0 3 65 23 11 0 0 0 0 2 8 0 0 0 0 0 0 10 10 4 0 3 0 0 0 0 0 0 0 10 2 5 62 60 8 10 0 0 0 29 50 59 100 100 100 100 76 87 57 68 25 0 0 0 0 4 9 5 9 3 0 2 0 0 0 0 0 0 9 0 0 0 0 0
4 11 33 33 1 15 4 3 1 0 12 24 0 2 15 33 10 10 21 38 19 2 0 1 2 14 24 0 0 0 0 8 27 1 0 0 0 0 0 3 13 8 9 31 14 1 0 0 0 2 0 26 23 4 39 88 92 70 25 14 1 7 62 93 84 98 86 100 100 62 89 88 12 8 41 20 1 2 1 12 53 40 5 27 2 1 6 0 0 0 0 0 0 0 0 3
23 15 22 31 1 5 20 34 1 12 29 5 17 2 23 63 47 10 5 7 6 1 1 2 0 0 5 0 0 0 1 26 37 0 0 0 0 0 0 0 0 8 1 4 39 21 0 0 0 4 40 96 88 38 9 55 100 100 65 35 0 1 12 48 79 64 56 81 96 100 74 36 63 80 41 25 10 43 16 59 74 70 19 0 0 1 0 0 0 0 0 0 0 0 0 1
0 4 8 3 1 12 15 54 20 12 83 51 99 15 37 54 11 6 14 13 10 11 3 4 0 0 0 0 0 0 0 0 1 0 0 0 0 0 0 0 0 22 0 0 23 25 0 0 7 53 72 100 100 58 0 17 58 95 36 5 5 0 0 21 69 43 34 8 14 26 47 86 100 97 99 82 97 81 8 68 62 21 3 0 2 30 0 0 0 0 4 0 1 0 0 0
0 12 18 14 5 1 2 35 16 22 54 76 87 13 32 47 0 17 19 46 1 37 65 0 4 3 0 0 0 0 0 0 0 0 0 0 0 0 0 0 0 0 3 0 29 41 0 0 14 36 22 87 80 55 68 81 57 76 35 1 1 5 0 2 4 3 0 0 2 0 48 61 71 70 89 61 46 22 0 4 16 3 0 0 7 0 0 0 0 0 0 0 0 0 0 0
0 20 58 22 3 0 11 38 3 13 30 81 80 25 5 1 2 49 57 70 7 58 72 0 0 0 0 0 0 0 0 0 0 0 0 0 0 0 0 0 0 2 2 0 25 50 7 0 2 4 10 86 81 24 85 82 10 12 39 45 8 3 10 14 6 1 0 0 0 5 0 5 1 1 20 7 2 0 0 1 2 1 0 0 5 0 0 0 0 0 6 3 0 10 1 0
17 55 1 19 0 7 13 22 0 14 17 71 70 52 17 0 2 47 43 17 72 81 10 0 0 0 0 0 0 0 0 0 0 0 0 0 0 0 0 0 0 7 1 0 0 0 0 0 1 9 4 37 64 86 68 49 40 0 22 23 0 0 2 13 8 42 23 13 0 1 3 2 0 4 0 0 0 0 0 0 0 0 0 2 2 0 0 0 0 0 1 4 2 0 0 5
31 0 0 2 4 1 6 29 2 14 36 76 48 96 17 2 0 66 30 71 55 52 9 21 3 0 0 0 0 0 9 10 0 0 0 0 0 0 0 0 0 0 0 0 0 0 0 0 0 0 0 52 5 51 72 69 26 18 32 77 0 0 5 1 2 5 69 27 1 5 2 3 0 0 0 0 2 0 0 0 3 18 0 2 0 0 0 1 27 31 6 21 10 12 0 1
