Data/Land Cover 1km/FME_656D6600_1589209169783_10689/temp/lcm2007_aggregate_classes_1km_gb_4.asc
ncols 700
nrows 1300
xllcorner 0
yllcorner 0
cellsize 1000
[rows 975 to 1049 of 1300, columns 384 to 479 of 700]
66 50 63 69 69 36 24 21 16 31 25 30 48 56 24 56 69 90 71 55 46 5 17 65 74 71 73 32 18 71 34 30 45 40 21 57 56 60 60 18 11 4 23 36 11 36 56 50 17 16 6 14 22 22 27 1 28 3 18 21 38 38 27 6 38 41 29 4 3 31 39 29 49 17 18 2 25 46 86 89 45 34 29 20 31 75 59 50 42 24 30 72 47 39 48 78
23 51 46 61 80 56 22 13 14 11 43 58 36 49 74 75 50 42 17 77 74 46 15 70 83 73 70 50 52 54 30 26 44 32 14 14 39 24 37 13 0 12 8 9 2 17 58 26 16 11 30 31 19 28 4 17 38 25 7 16 4 44 40 34 32 31 44 33 2 28 22 34 15 19 25 56 40 35 78 67 59 10 47 40 18 75 24 24 42 53 42 21 45 42 14 26
66 53 76 80 48 41 31 40 21 32 30 43 20 53 67 50 36 75 45 62 67 47 66 56 43 74 50 18 22 53 40 47 38 37 62 51 29 18 6 8 6 32 19 4 46 10 26 47 24 15 53 17 38 34 36 20 26 11 9 18 22 22 12 34 25 26 22 21 28 24 35 12 0 25 13 20 34 38 40 21 52 55 79 51 38 33 20 17 32 44 57 31 51 20 12 12
80 88 87 34 70 45 18 20 33 33 13 23 44 30 51 60 44 67 71 80 80 58 38 69 58 63 47 55 54 54 62 66 59 53 30 28 20 0 15 6 31 13 12 24 34 8 10 12 14 38 32 43 65 48 22 34 15 3 26 21 47 38 16 21 7 11 21 34 5 32 25 0 0 14 5 24 6 39 30 43 57 36 35 21 42 35 48 32 40 70 59 64 35 20 59 25
39 95 74 91 80 26 36 29 12 91 23 21 18 15 8 19 28 59 48 52 48 51 60 48 45 51 25 50 52 88 60 53 75 55 63 35 12 3 16 39 4 22 44 15 6 5 8 13 45 20 13 29 18 22 24 22 30 23 47 50 41 12 1 17 8 13 10 17 2 3 20 48 11 21 34 49 44 67 44 17 44 5 16 53 24 21 38 6 16 51 10 18 24 47 32 2
6 61 72 84 61 54 47 59 51 65 49 25 51 4 0 0 0 2 5 31 22 51 76 51 23 61 47 28 43 87 60 56 47 37 46 12 7 17 12 16 5 26 72 23 2 4 5 8 14 51 38 57 7 25 46 21 42 44 12 40 15 20 2 6 17 5 11 17 16 4 27 47 46 51 22 49 38 35 9 12 46 5 15 49 23 23 44 37 25 81 19 1 44 46 21 32
39 54 30 73 61 33 18 35 46 32 21 59 37 0 0 0 0 17 35 13 12 30 16 24 30 27 48 46 57 44 63 57 1 13 19 20 5 38 1 30 1 6 19 32 16 18 4 5 12 6 26 31 2 8 5 15 23 43 46 33 5 14 20 10 3 16 13 30 13 13 29 39 31 44 67 39 20 42 29 39 47 0 7 75 51 20 29 43 38 27 6 11 27 57 56 40
79 62 11 63 75 23 33 44 42 39 38 68 40 17 0 0 1 11 37 29 19 19 44 34 18 55 42 46 59 91 97 68 4 5 16 5 19 12 59 39 7 21 14 36 22 7 11 3 46 26 37 14 18 16 5 50 48 38 19 20 48 32 20 49 15 28 24 15 7 16 20 22 59 20 25 57 18 35 23 33 45 0 26 78 42 55 48 48 54 18 25 9 36 9 13 13
35 65 60 74 69 74 72 32 49 38 13 31 19 6 0 0 0 0 14 11 11 10 40 53 26 13 34 26 38 38 77 62 15 19 22 15 6 7 38 8 26 7 40 24 13 10 0 7 14 2 17 14 17 12 28 11 27 30 16 12 38 40 56 74 28 22 37 15 11 34 6 16 25 59 32 15 9 22 60 12 49 23 41 65 39 15 18 40 48 45 67 70 71 25 8 0
25 39 76 53 41 27 23 68 26 26 26 34 26 2 0 0 0 0 29 31 11 44 42 59 61 18 14 13 42 53 34 32 39 26 27 4 30 18 28 62 36 10 32 43 26 27 25 25 2 13 20 61 27 13 12 2 9 14 32 15 8 44 31 46 34 33 49 35 30 45 15 17 10 20 42 72 12 9 27 54 46 30 38 28 53 60 53 47 79 58 49 6 16 10 53 20
24 29 65 21 26 31 47 44 28 53 39 24 29 17 3 12 8 1 0 2 0 16 36 42 30 57 26 0 8 3 18 11 27 0 20 41 33 43 14 6 47 35 45 25 32 33 38 18 29 8 16 31 30 61 16 15 1 15 1 26 14 16 60 54 55 53 38 45 30 33 67 19 19 11 4 29 13 3 34 80 38 11 6 7 17 9 44 30 38 66 55 40 53 40 5 28
44 54 68 24 40 36 29 50 5 32 22 2 25 42 5 21 15 13 12 0 0 11 27 24 59 87 48 19 27 9 3 20 23 8 13 9 6 66 20 59 37 44 52 18 27 10 6 28 22 0 6 64 53 32 19 1 16 24 10 42 16 6 17 47 52 56 38 40 57 26 25 21 26 7 34 38 23 7 68 41 16 3 28 43 28 61 24 2 26 60 75 43 13 43 0 15
52 40 32 16 14 9 25 48 54 9 8 4 18 6 9 30 6 2 11 10 15 19 49 16 11 48 72 50 14 13 4 5 2 0 7 11 5 21 26 10 14 5 24 9 15 25 13 8 8 19 45 21 47 50 10 13 49 21 29 58 15 14 38 39 28 46 57 12 45 43 5 25 22 23 23 35 19 20 49 22 17 47 52 68 51 52 25 24 43 56 48 3 26 15 8 25
54 20 72 38 36 18 48 59 64 35 28 21 11 18 13 10 23 11 8 11 44 41 62 29 43 36 78 31 5 11 4 28 13 19 12 0 33 32 12 21 5 10 1 0 20 0 2 2 9 15 47 11 20 12 14 10 21 10 9 4 2 12 21 49 58 34 44 41 25 18 24 26 26 23 18 8 39 4 15 8 36 23 20 59 61 80 58 29 89 31 7 16 58 24 21 6
24 19 24 33 64 40 4 14 40 30 38 30 35 15 5 8 2 4 12 29 36 24 69 41 32 21 22 12 10 0 26 39 20 0 3 9 12 15 24 5 19 17 6 11 0 0 7 29 16 16 28 33 14 23 21 25 11 29 8 4 26 32 21 18 28 34 29 26 24 27 5 13 32 6 2 16 16 8 18 50 14 4 11 19 32 55 24 46 76 66 11 18 38 32 66 23
29 1 30 46 32 27 11 1 10 51 70 54 19 2 9 0 32 49 9 5 13 3 18 27 20 48 40 14 8 4 14 52 31 15 1 10 0 28 11 0 34 6 2 0 2 4 33 43 16 10 36 33 31 24 18 27 39 25 1 12 12 1 48 31 18 20 31 28 22 19 26 29 24 0 5 6 6 11 21 20 11 1 5 20 37 42 52 56 67 50 9 34 32 43 72 56
8 26 30 54 27 20 13 11 30 37 22 38 25 3 4 5 43 36 9 0 14 1 15 6 8 8 7 4 9 27 12 17 9 7 10 33 14 18 0 9 4 21 3 12 12 9 13 41 0 27 28 17 51 59 37 10 17 22 15 2 6 27 28 30 41 53 52 22 11 0 32 31 27 11 51 17 13 4 15 18 22 7 12 16 37 62 59 66 45 30 22 27 21 17 47 52
36 40 31 36 14 16 29 19 32 46 37 26 24 8 14 7 23 15 6 1 9 10 16 39 10 2 10 9 17 36 16 16 19 6 19 4 15 28 22 29 14 41 19 9 27 28 17 19 3 42 41 9 18 60 34 23 7 39 30 9 7 17 35 31 59 21 3 13 8 6 19 35 17 23 13 11 24 9 10 18 43 8 23 8 60 40 64 65 50 42 48 41 24 53 66 57
35 45 58 11 3 2 9 19 29 11 21 16 13 14 16 19 38 14 10 8 14 5 9 23 18 12 5 1 27 24 13 13 9 7 19 2 40 33 7 9 26 7 4 11 54 56 13 12 22 4 14 18 25 7 32 70 24 33 18 45 32 5 26 55 33 23 20 30 9 36 11 14 37 32 2 11 3 15 37 26 41 46 37 46 63 51 61 42 69 81 54 52 42 42 14 44
16 13 18 8 5 12 1 42 49 12 14 19 9 22 57 40 64 15 19 7 14 0 24 18 4 27 20 2 0 26 30 5 7 4 25 15 18 8 22 19 47 40 5 7 27 12 9 20 53 19 15 1 27 24 16 47 38 33 14 40 38 31 48 58 47 39 60 25 38 34 3 32 16 4 15 2 2 16 10 16 16 13 6 27 51 81 48 27 62 79 69 48 40 61 62 63
22 54 34 39 49 30 6 20 24 10 0 20 6 19 47 55 60 41 1 9 28 6 2 16 1 1 0 18 3 4 11 17 15 4 45 20 9 19 8 18 17 31 26 11 12 10 9 5 41 82 7 1 33 21 32 38 65 28 29 40 43 52 16 31 40 16 21 22 17 42 16 53 3 5 0 2 7 0 3 19 17 27 66 75 64 44 33 29 26 69 25 29 25 64 81 59
67 67 14 20 32 35 14 18 12 33 22 4 15 20 28 17 25 26 11 15 24 4 7 2 26 14 18 24 8 11 20 30 10 31 18 30 14 10 14 14 31 6 21 43 13 10 22 15 52 61 68 44 0 17 13 28 41 72 32 12 29 22 40 10 37 3 21 65 9 11 10 39 20 3 4 27 1 16 26 21 25 54 30 40 24 52 87 47 56 68 3 31 43 52 17 42
30 25 35 1 45 19 25 10 29 26 25 9 26 17 10 14 8 17 14 11 9 11 6 2 27 25 12 48 19 0 24 20 5 7 6 5 4 7 28 21 26 4 30 11 6 0 1 1 24 65 31 6 19 7 23 12 37 15 57 35 28 15 7 13 8 41 18 53 24 25 0 27 9 12 2 16 3 25 50 30 8 4 7 11 13 25 74 61 74 28 41 15 2 6 21 26
5 6 25 58 49 15 59 3 13 7 4 4 23 11 6 11 2 30 14 24 5 5 32 29 8 11 21 40 23 12 13 15 2 16 4 35 6 6 17 18 8 10 34 30 19 2 11 16 30 43 13 13 4 3 13 11 12 24 33 1 58 52 50 13 17 22 15 28 31 25 15 16 33 26 22 9 3 13 14 17 0 6 2 12 9 3 20 16 73 45 6 9 10 1 2 8
0 6 48 19 40 17 25 13 7 5 11 30 11 0 6 5 8 4 31 35 4 11 26 6 13 4 2 9 19 39 18 13 9 14 6 25 4 21 10 1 3 5 34 38 24 30 22 51 28 34 48 39 4 4 36 34 16 34 14 13 12 26 27 8 18 16 37 29 28 24 20 6 23 15 5 7 39 45 5 23 15 25 10 24 52 56 40 29 66 43 21 27 23 18 38 44
34 28 9 24 20 25 0 6 13 5 3 30 14 9 4 18 15 5 11 29 25 19 18 3 10 5 6 12 9 38 30 10 49 42 10 11 1 5 22 22 5 0 25 38 7 11 29 34 52 22 38 20 45 11 22 17 28 19 42 52 51 25 26 12 18 28 61 28 48 12 15 33 18 10 37 7 6 22 15 7 40 22 31 25 44 50 87 35 18 38 52 23 44 10 16 19
21 32 11 20 6 19 7 0 4 7 17 6 0 7 8 13 1 0 20 69 23 14 11 6 11 12 6 3 9 38 4 27 31 16 7 15 9 4 4 11 27 23 21 9 41 2 14 43 25 26 66 39 13 1 22 80 41 64 82 48 29 19 46 62 40 25 9 6 22 34 34 54 27 41 17 21 14 0 18 30 35 36 44 68 61 43 39 43 19 41 42 7 13 46 56 36
1 27 13 8 0 12 6 3 7 9 11 6 15 3 7 2 14 2 9 3 29 41 7 5 20 40 4 4 24 5 2 8 3 9 10 11 17 9 5 3 47 43 10 4 26 20 11 20 21 54 17 5 33 9 46 56 31 34 41 65 10 21 16 34 18 41 26 37 13 21 19 20 9 45 38 55 31 25 40 1 4 25 33 67 89 64 35 57 48 7 9 15 2 10 30 15
18 13 19 40 16 19 4 6 11 8 6 2 25 2 17 17 11 18 35 19 54 49 9 12 11 25 10 22 20 25 6 7 4 31 39 22 12 10 6 12 28 51 12 14 26 11 39 44 23 13 3 3 30 38 37 56 70 52 49 63 33 32 62 43 27 22 28 2 50 81 29 19 30 34 63 16 39 51 16 38 44 20 22 5 43 72 9 21 24 11 5 41 0 19 76 62
27 9 28 42 3 18 29 13 23 10 15 5 7 3 10 13 12 12 11 30 15 8 1 9 14 38 38 10 8 5 4 6 6 21 21 4 10 1 26 11 45 25 34 26 11 18 28 44 28 23 20 11 8 46 58 30 10 35 20 22 38 20 26 14 5 34 20 33 62 76 34 45 37 19 18 34 7 66 73 17 33 29 8 16 20 27 5 48 36 37 25 24 14 48 95 51
12 24 22 6 12 50 33 17 12 10 16 22 20 7 6 13 17 4 16 6 2 13 44 1 4 4 4 0 13 10 12 33 14 3 2 26 33 18 25 10 19 4 5 26 6 47 40 23 19 11 16 4 56 39 52 49 18 14 2 14 46 11 32 16 44 49 49 57 73 37 44 68 13 26 45 50 9 44 70 33 11 57 36 18 49 19 15 58 44 58 21 7 24 34 73 25
2 12 23 6 10 13 38 9 31 11 7 7 7 9 0 6 19 2 22 7 4 2 5 12 6 15 14 2 38 15 12 15 1 6 1 19 15 26 12 12 7 2 13 23 16 47 21 20 9 6 4 36 42 23 17 14 9 17 3 19 34 23 9 30 47 27 47 50 37 17 76 28 25 27 59 60 25 77 55 38 29 30 36 52 30 47 9 15 48 34 16 31 33 27 58 45
9 6 7 12 17 25 47 33 17 13 6 8 9 5 3 6 2 36 48 36 2 10 22 17 17 19 14 9 23 47 7 7 4 10 17 3 1 17 36 38 38 19 18 25 13 23 1 23 29 22 11 11 9 19 5 9 44 10 11 18 39 40 39 12 64 59 39 18 40 17 63 56 25 60 60 72 65 77 26 29 38 49 84 78 88 43 49 39 66 56 39 41 84 84 67 65
27 17 31 39 45 47 24 11 18 10 5 3 3 26 6 11 0 25 33 39 10 46 22 17 5 2 2 18 7 7 3 21 24 5 0 12 11 8 15 16 29 24 31 19 8 23 17 25 13 12 17 23 7 15 3 0 25 33 33 44 53 38 50 25 38 7 30 16 35 30 58 30 48 53 34 58 79 29 62 47 50 78 55 51 70 60 18 17 53 51 46 16 67 37 31 70
7 16 43 5 3 8 17 21 7 6 5 5 5 16 13 7 4 4 29 5 2 10 1 5 0 7 6 0 0 1 1 9 24 13 20 13 2 13 12 31 2 10 37 18 60 56 16 50 43 26 3 17 12 8 4 24 21 16 20 14 27 37 49 43 14 6 49 42 32 69 40 41 77 74 77 76 46 32 50 61 46 56 45 52 52 32 25 17 37 31 61 88 93 72 29 52
14 3 1 10 4 6 6 21 15 0 6 9 25 27 2 5 1 7 4 1 3 9 0 4 7 1 3 4 16 5 10 2 3 10 7 30 12 10 15 0 0 15 6 11 21 3 2 11 12 22 2 5 3 12 5 28 39 48 46 49 40 49 69 40 3 10 14 11 55 44 50 36 32 32 53 19 29 52 91 73 65 50 28 71 73 53 23 12 16 19 74 78 45 32 17 33
22 44 6 3 2 20 12 27 11 22 13 38 34 18 24 10 16 5 4 0 7 3 0 0 4 0 4 11 21 23 19 15 9 16 28 13 17 47 26 2 3 11 5 38 25 12 20 26 1 24 34 30 13 19 11 15 26 57 55 37 19 20 16 46 53 45 26 47 50 38 29 59 22 30 25 40 54 39 66 50 44 54 42 76 60 48 65 12 30 32 49 37 41 32 6 44
15 13 6 15 4 11 16 7 3 13 2 10 24 3 3 15 3 8 7 2 5 0 0 0 3 5 3 6 17 10 2 14 11 24 13 10 22 23 19 7 40 45 42 65 27 42 55 41 37 23 35 7 29 7 12 35 33 40 23 41 4 11 18 37 24 18 44 35 49 56 37 47 26 46 37 60 42 16 22 32 50 45 55 39 45 67 53 17 12 9 6 31 31 27 21 42
0 1 25 19 9 8 9 7 4 13 9 2 4 1 18 41 5 13 9 10 2 1 0 0 5 0 6 17 31 14 15 6 18 14 6 11 16 16 9 22 30 39 37 28 45 42 47 76 46 22 17 8 13 27 25 20 34 24 67 32 1 5 21 17 6 0 7 17 51 71 46 48 26 66 63 63 78 52 44 59 9 5 43 58 34 44 38 38 13 23 18 5 3 15 13 14
13 13 22 18 9 6 14 6 11 4 8 8 6 15 8 13 5 16 11 10 11 8 4 2 7 5 7 22 31 18 8 22 54 15 23 5 1 1 36 44 12 33 34 22 37 38 37 26 41 11 10 9 33 26 57 37 19 30 83 63 73 34 2 9 75 29 2 1 23 44 16 57 64 67 76 38 27 28 28 76 39 43 23 53 10 31 36 65 39 61 5 6 7 18 24 5
23 20 11 3 6 7 3 13 5 7 2 13 15 36 10 7 0 3 8 7 14 30 14 8 6 2 2 0 8 8 16 26 89 35 4 1 9 16 44 39 11 13 29 40 47 32 17 18 0 29 15 10 7 60 55 49 37 8 61 65 60 13 1 9 26 37 33 6 17 15 12 33 66 63 14 38 9 29 24 64 39 49 19 9 43 14 40 57 36 68 14 7 53 64 23 32
15 11 36 21 4 10 14 14 27 4 23 5 7 13 9 22 21 20 38 9 14 24 13 10 2 3 3 0 4 25 13 8 31 36 0 7 28 13 36 30 19 11 27 36 47 56 26 48 13 7 2 31 21 51 51 48 66 21 22 7 23 3 26 29 14 17 29 35 34 40 34 38 47 64 44 69 39 55 51 61 39 17 8 15 39 31 14 1 42 65 46 11 85 49 27 29
4 42 31 13 4 21 21 17 9 30 19 19 49 44 38 6 15 20 11 14 5 21 40 7 11 16 1 16 18 13 13 13 20 23 15 17 20 36 46 19 11 25 67 45 39 49 35 56 13 11 8 22 37 37 21 44 19 3 6 23 63 42 49 13 11 20 13 42 46 21 15 30 36 42 29 41 54 53 18 24 30 27 25 42 53 42 70 35 72 71 21 12 14 19 2 7
8 23 16 13 17 4 5 32 52 45 39 36 50 45 43 18 17 18 1 17 8 16 24 2 40 16 2 5 19 8 35 14 15 58 27 19 22 40 48 36 29 52 33 26 23 19 47 32 6 21 9 21 31 21 13 10 49 0 14 50 15 36 40 40 16 20 61 77 49 8 43 66 32 9 0 13 21 46 0 37 64 36 31 1 30 32 85 71 82 14 39 58 29 4 8 43
14 32 13 24 33 2 16 41 40 36 48 50 41 31 33 58 14 25 23 12 19 2 12 10 36 23 1 11 57 10 11 7 33 35 31 27 16 23 17 12 29 13 32 19 37 20 48 16 6 10 9 13 11 17 10 8 16 8 16 44 21 23 12 24 46 40 44 34 5 16 54 78 76 51 65 46 0 0 14 29 50 57 28 24 23 30 36 47 7 16 19 17 19 47 17 38
24 16 23 35 52 25 19 26 44 19 29 51 26 16 32 61 38 11 7 15 14 16 9 29 23 14 9 17 7 7 17 15 18 54 34 45 35 56 35 21 29 41 13 16 12 15 8 26 4 2 4 1 7 25 15 48 25 1 17 47 47 18 20 46 68 45 7 12 31 39 57 58 53 68 64 10 0 1 37 34 53 21 28 27 38 8 26 23 7 46 22 43 13 26 26 20
17 14 20 25 13 17 22 14 48 69 48 21 23 39 16 18 29 6 6 24 6 7 42 28 27 20 21 7 5 7 26 39 19 57 19 38 49 59 41 17 47 48 56 31 10 5 7 18 12 0 20 18 26 18 12 4 5 1 30 46 26 32 69 82 55 6 8 1 41 51 16 21 36 65 78 22 1 5 0 11 5 39 13 25 48 43 15 2 0 6 5 8 5 6 1 8
14 23 16 12 11 10 6 37 34 31 29 38 57 52 11 6 5 5 8 3 14 32 49 41 40 41 19 30 9 12 38 31 38 31 29 42 59 30 46 25 46 41 59 21 18 28 18 28 28 5 19 12 40 10 5 9 13 25 44 32 12 25 72 87 49 7 15 8 76 87 42 41 42 66 87 51 6 33 3 11 8 13 11 66 59 23 49 16 3 0 21 10 0 3 18 26
8 6 1 2 11 18 18 18 16 28 36 54 56 55 27 9 40 20 66 44 51 35 57 36 25 45 43 32 41 40 17 47 17 8 26 52 42 32 61 34 45 62 56 9 24 22 31 16 12 13 21 31 9 17 20 20 40 47 47 19 16 33 55 61 53 18 3 27 61 57 58 63 48 21 58 31 32 26 19 32 52 36 26 26 62 10 14 24 2 7 37 15 4 2 43 15
16 16 18 5 14 11 33 39 67 26 48 32 36 45 33 9 22 35 44 55 60 33 36 33 30 20 34 67 45 59 30 60 8 18 35 44 22 9 55 42 48 49 37 20 37 31 18 30 17 6 25 28 39 13 19 62 43 52 52 55 46 8 58 37 16 11 0 10 64 52 56 90 92 26 51 51 80 27 20 62 42 81 72 33 4 3 12 11 10 14 0 5 6 32 42 13
0 20 7 5 9 11 51 56 60 35 48 21 15 12 33 3 59 65 67 65 74 57 26 38 40 25 17 30 59 31 65 25 21 34 59 73 37 28 48 52 66 43 48 45 12 16 12 18 8 34 49 54 23 31 41 22 27 48 63 83 29 23 28 44 20 30 30 16 16 40 97 71 74 35 48 34 43 83 48 51 12 43 20 29 10 30 53 19 3 2 8 24 28 31 4 0
12 6 22 23 47 21 24 28 20 66 66 23 9 44 39 24 20 51 40 26 56 62 65 44 27 35 36 38 53 42 48 10 20 62 48 81 62 47 24 64 10 15 20 17 52 37 31 15 8 13 62 61 36 36 35 41 33 25 23 65 6 33 42 26 24 10 59 50 44 23 43 91 40 33 79 71 13 56 66 55 51 33 30 55 29 67 59 38 18 1 1 15 1 41 41 18
19 12 2 21 50 55 41 80 47 64 37 23 2 30 35 30 37 72 19 35 61 64 54 28 11 31 45 67 40 26 58 10 50 69 47 41 41 25 28 41 18 1 48 47 27 11 43 38 59 47 30 60 24 23 21 20 29 31 6 32 56 22 13 27 64 14 37 44 21 64 32 57 54 50 41 53 45 52 64 28 43 48 8 23 38 54 34 5 17 19 24 2 16 59 43 25
19 9 21 19 23 43 58 66 51 45 30 17 8 29 38 75 82 74 10 47 43 71 50 55 43 61 51 80 7 22 54 67 49 29 28 70 36 23 35 33 23 4 5 43 26 12 26 52 43 39 27 29 17 17 60 41 48 45 42 14 17 50 45 65 44 40 19 41 61 26 70 65 48 64 87 56 22 8 37 43 65 54 4 46 78 52 41 30 13 46 19 32 70 35 0 16
21 25 7 50 37 70 35 46 18 6 32 8 9 30 71 65 19 9 42 43 56 67 68 71 53 55 54 43 56 34 51 59 55 43 68 68 38 48 58 26 45 38 44 32 18 17 10 21 39 24 3 6 23 6 31 16 55 60 32 29 38 57 23 56 44 66 63 55 51 62 58 56 25 48 71 62 8 8 8 27 44 15 46 13 38 35 61 37 70 31 20 37 51 24 2 10
15 44 54 16 40 60 47 51 33 18 33 19 12 54 45 56 38 32 22 69 50 69 31 46 68 67 68 46 81 58 65 61 35 3 26 57 61 44 39 55 26 40 28 39 36 11 47 41 2 3 4 10 23 24 45 25 37 51 49 23 25 4 36 41 25 95 26 35 74 91 77 34 28 33 69 90 70 16 13 22 71 81 40 51 29 6 36 59 54 19 9 15 6 15 12 37
4 30 40 41 33 81 19 26 39 17 30 15 46 44 22 26 42 45 17 44 32 30 11 5 44 46 51 17 70 70 89 56 27 29 50 49 31 52 33 18 20 11 12 38 64 32 67 32 8 9 23 5 39 39 32 15 35 32 28 53 18 5 41 34 3 27 44 50 76 91 45 28 20 18 24 50 66 29 50 13 66 45 54 59 33 56 6 34 1 1 1 42 41 17 36 17
9 13 44 56 29 39 20 19 47 28 53 55 81 65 60 48 35 42 14 17 7 11 8 13 29 20 71 76 70 52 81 59 39 39 73 78 49 54 55 11 10 2 13 21 36 26 7 23 11 17 22 15 9 23 27 4 9 16 32 43 31 41 57 29 17 72 27 56 90 94 74 43 9 8 38 38 6 44 43 38 39 24 47 28 22 35 3 0 0 10 34 36 47 24 6 36
16 21 7 8 0 9 14 17 63 54 21 44 77 73 50 27 25 26 23 18 3 13 21 14 37 53 50 74 42 47 49 54 41 68 51 66 74 59 53 54 13 11 1 7 20 17 13 3 16 52 44 23 7 12 7 2 1 12 36 72 34 51 17 48 49 41 80 87 92 83 43 34 28 10 55 27 40 18 23 40 27 3 38 41 20 15 8 5 9 46 40 43 33 40 30 13
20 15 29 18 10 12 26 40 41 26 64 54 52 49 35 59 40 52 51 4 17 23 10 13 36 42 44 60 13 61 48 27 65 71 59 54 61 66 47 19 6 43 20 27 8 13 19 7 11 56 44 21 4 0 10 3 28 35 77 70 56 49 10 70 48 47 79 74 83 42 56 49 13 7 60 78 71 36 21 54 27 25 31 30 46 10 8 24 48 53 35 14 15 53 56 13
6 10 43 19 15 16 54 47 5 34 53 48 65 27 33 50 52 60 60 6 7 4 27 38 42 60 42 30 8 28 21 17 54 50 42 36 39 42 18 14 3 21 19 44 24 26 16 9 13 18 10 24 32 3 36 15 69 57 11 24 34 59 19 68 41 62 25 12 6 12 22 23 4 5 4 18 59 56 54 68 42 29 46 20 44 63 29 17 52 55 16 18 33 18 20 11
23 0 17 9 6 5 22 48 66 47 49 36 27 42 27 52 63 63 78 51 23 38 20 42 45 22 24 11 49 28 27 39 10 27 32 51 28 27 48 32 26 33 0 20 41 8 16 4 12 16 16 0 15 0 24 30 11 1 1 8 28 70 66 80 97 38 10 30 65 66 12 18 10 23 22 19 68 56 33 14 5 58 42 32 0 15 12 7 34 24 20 17 47 16 29 13
32 17 31 31 16 2 38 36 38 23 17 42 42 60 36 71 31 75 52 39 20 42 44 32 30 19 24 17 43 19 26 62 26 26 22 68 23 20 21 31 24 13 3 39 25 49 4 4 12 31 41 13 21 15 20 59 31 14 27 34 46 49 44 55 87 72 3 2 12 2 25 50 22 23 21 39 39 59 32 32 16 26 35 36 5 27 52 5 18 16 23 18 14 0 12 7
15 25 43 50 42 20 29 55 54 71 8 62 58 59 58 74 62 73 79 46 48 11 9 11 15 13 13 52 14 7 54 53 48 28 24 18 20 19 13 20 17 28 33 31 19 71 28 15 8 4 31 22 13 42 42 44 33 17 15 50 40 35 51 83 53 54 38 5 27 34 50 28 34 25 40 23 9 5 4 6 18 47 59 16 41 48 9 14 10 10 8 24 18 35 14 5
54 50 36 36 60 37 22 46 74 38 49 37 66 49 72 61 40 77 65 71 71 4 3 20 54 31 12 69 32 16 11 39 25 6 25 33 38 28 55 59 36 53 36 49 17 44 24 7 5 10 40 52 74 41 36 70 48 16 7 46 30 61 83 57 49 67 31 6 7 39 40 33 42 56 66 74 61 30 23 24 25 27 50 49 60 40 25 29 10 0 2 3 13 37 16 13
33 20 20 33 21 46 47 31 36 59 56 34 16 13 33 35 14 52 53 87 66 32 3 8 37 15 4 44 45 32 13 19 36 7 26 56 49 48 19 38 17 11 36 14 3 2 13 19 25 32 15 58 32 25 8 31 31 20 7 22 12 76 76 75 36 21 40 42 38 51 88 66 26 47 84 49 1 14 14 48 44 55 41 41 51 36 58 80 42 15 8 14 19 11 55 87
7 24 22 24 13 38 31 61 18 27 33 20 38 44 13 10 19 29 47 79 69 39 0 4 27 14 40 58 68 7 1 14 36 18 15 10 26 52 1 5 1 29 23 12 60 13 39 73 78 54 39 41 49 46 3 23 17 33 69 23 35 69 61 30 34 20 67 53 30 65 64 44 11 33 53 73 38 44 30 15 27 9 24 47 4 6 6 14 10 18 17 39 38 4 21 30
8 29 17 16 18 25 47 63 10 36 28 19 37 59 22 39 56 28 15 26 51 39 1 10 25 52 41 4 61 30 0 14 40 16 35 18 68 53 33 22 6 23 27 32 42 27 47 55 58 13 1 10 17 12 42 32 66 8 10 7 30 42 32 2 19 45 35 17 52 15 5 22 64 67 36 44 55 66 16 10 40 44 30 33 9 3 36 56 20 45 11 15 15 10 32 3
15 15 17 4 15 30 22 49 41 45 8 36 66 34 35 26 52 42 24 20 20 28 4 45 27 20 17 9 33 11 16 23 14 17 11 16 61 67 53 32 23 15 31 17 13 50 41 33 21 34 24 6 8 20 41 25 52 31 7 2 5 32 71 12 61 52 28 32 28 54 61 79 58 23 46 52 43 13 16 50 48 48 17 2 25 19 4 40 26 61 47 11 7 51 5 9
21 10 14 35 23 0 7 48 51 61 50 19 60 34 63 58 39 24 14 24 2 23 18 57 11 18 36 11 13 22 10 6 29 17 16 2 20 56 12 16 17 25 25 12 4 55 49 48 72 51 55 26 10 30 19 27 78 72 54 20 0 26 31 62 36 28 65 7 73 54 60 7 5 43 14 19 13 11 32 11 14 26 57 34 21 42 41 25 20 49 21 33 20 20 13 7
19 4 11 9 30 24 17 29 48 41 73 45 42 64 65 39 43 29 40 58 15 4 21 19 18 46 11 24 35 22 13 18 55 10 19 19 18 36 25 12 60 40 7 17 28 16 22 62 38 36 32 8 11 14 4 16 31 34 35 48 20 2 28 30 68 8 19 8 16 56 43 0 11 38 53 61 21 55 67 30 29 24 33 57 30 24 18 21 23 18 12 7 12 13 7 6
20 14 17 32 35 57 17 18 64 20 42 32 61 32 49 46 52 47 17 16 1 4 23 5 21 19 24 10 18 11 29 28 23 10 37 24 19 10 34 1 26 60 25 11 25 10 17 4 20 6 23 12 16 7 2 20 23 13 21 11 46 20 11 59 48 18 39 30 21 7 29 12 0 3 4 40 67 54 6 25 49 20 33 42 31 46 6 7 21 7 2 19 17 14 5 2
35 8 21 31 13 45 9 17 17 35 31 26 73 14 13 18 22 43 24 33 1 26 19 9 22 10 9 7 6 14 35 24 23 5 30 43 16 33 14 2 23 22 24 16 27 0 42 9 27 29 12 6 26 27 15 46 17 58 27 13 18 44 20 68 60 33 34 28 6 34 55 36 2 0 23 79 78 59 43 61 21 25 14 29 59 45 9 11 24 24 25 21 36 59 7 7
58 16 25 30 57 25 17 21 30 39 21 80 36 9 16 28 25 49 38 24 0 11 7 16 15 17 35 20 34 17 31 7 30 27 46 6 32 42 9 33 9 20 14 9 33 2 33 6 47 37 11 0 10 12 38 39 39 41 5 20 24 49 69 56 71 32 28 19 43 73 38 40 0 24 7 66 61 60 66 26 46 11 13 11 45 75 37 5 21 7 37 23 0 18 23 7
49 9 18 47 38 36 8 4 11 30 37 11 15 14 15 41 22 17 29 17 23 5 24 21 7 19 13 1 35 11 29 26 18 7 21 18 35 21 15 0 22 9 24 25 31 41 20 17 18 22 25 20 14 6 18 19 63 37 65 54 24 13 24 53 13 30 6 22 44 76 51 42 7 63 45 42 78 42 43 16 27 16 24 24 35 33 39 13 14 14 56 34 23 23 26 3
